 PATCH_COLUMN:            1
   0.0000000000000000     
   0.0000000000000000     
   0.0000000000000000     
   0.0000000000000000     
   0.0000000000000000     
   0.0000000000000000     
   0.0000000000000000     
   0.0000000000000000     
  0.12500000000000000     
  0.25000000000000000     
  0.37500000000000000     
  0.50000000000000000     
  0.62500000000000000     
  0.75000000000000000     
  0.87500000000000000     
   1.0000000000000000     
   1.0000000000000000     
   1.0000000000000000     
   1.0000000000000000     
   1.0000000000000000     
   1.0000000000000000     
   1.0000000000000000     
   1.0000000000000000     
 PATCH_COLUMN:            2
   0.0000000000000000     
   0.0000000000000000     
   0.0000000000000000     
   0.0000000000000000     
   0.0000000000000000     
   0.0000000000000000     
   0.0000000000000000     
   0.0000000000000000     
  0.12500000000000000     
  0.25000000000000000     
  0.37500000000000000     
  0.50000000000000000     
  0.62500000000000000     
  0.75000000000000000     
  0.87500000000000000     
   1.0000000000000000     
   1.0000000000000000     
   1.0000000000000000     
   1.0000000000000000     
   1.0000000000000000     
   1.0000000000000000     
   1.0000000000000000     
   1.0000000000000000     
 PATCH_COLUMN:            3
   0.0000000000000000     
   0.0000000000000000     
   0.0000000000000000     
   0.0000000000000000     
   0.0000000000000000     
   0.0000000000000000     
   0.0000000000000000     
   0.0000000000000000     
   6.2500000000000000E-002
  0.12500000000000000     
  0.18750000000000000     
  0.25000000000000000     
  0.31250000000000000     
  0.37500000000000000     
  0.43750000000000000     
  0.50000000000000000     
  0.50000000000000000     
  0.50000000000000000     
  0.50000000000000000     
  0.50000000000000000     
  0.50000000000000000     
  0.50000000000000000     
  0.56250000000000000     
  0.62500000000000000     
  0.68750000000000000     
  0.75000000000000000     
  0.81250000000000000     
  0.87500000000000000     
  0.93750000000000000     
   1.0000000000000000     
   1.0000000000000000     
   1.0000000000000000     
   1.0000000000000000     
   1.0000000000000000     
   1.0000000000000000     
   1.0000000000000000     
   1.0000000000000000     
