           1           3           0           0          16         421
           1           3          13           0          16         434
           1           3          14           0          16         435
           1           3          15           0          16         436
           1           3          16           0          16         437
           1           3          17           0          16         438
           1           3          18           0          16         439
           1           3          19           0          16         440
           1           3          20           0          16         441
           1           3          21           0          16         442
           1           3          22           0          16         443
           1           3          23           0          16         444
           1           3          24           0          16         445
           1           3          25           0          16         446
           1           3          26           0          16         447
           1           3          27           0          16         448
