   0.0000000000000000        0.0000000000000000     
   1.5625000000000003E-012   1.2773923874179743E-019
   5.0000000000000008E-011   3.2415941332485930E-017
   3.7968749999999994E-010   8.2350513518296340E-016
   1.6000000000000003E-009   8.1533654910356736E-015
   4.8828125000000012E-009   4.8168228685980949E-014
   1.2149999999999998E-008   2.0527549514304120E-013
   2.6260937500000011E-008   6.9826542461402492E-013
   5.1200000000000008E-008   2.0139455239883700E-012
   9.2264062499999987E-008   5.1208474452438905E-012
   1.5625000000000004E-007   1.1788481758429059E-011
   2.5164218749999999E-007   2.5040182029298576E-011
   3.8879999999999993E-007   4.9769805068533236E-011
   5.8014531250000006E-007   9.3554447889178941E-011
   8.4035000000000035E-007   1.6769691267085723E-010
   1.1865234374999997E-006   2.8853290774324850E-010
   1.6384000000000003E-006   4.7903892412714992E-010
   2.2185265625000006E-006   7.7077738236886496E-010
   2.9524499999999996E-006   1.2062160121326466E-009
   3.8689046875000003E-006   1.8414585161361521E-009
   5.0000000000000013E-006   2.7494233893852230E-009
   6.3814078124999989E-006   4.0235073231466248E-009
   8.0525499999999997E-006   5.7817689295504095E-009
   1.0056785937500002E-005   8.1716675859971030E-009
   1.2441599999999998E-005   1.1375391027518965E-008
   1.5258789062500000E-005   1.5615803918768693E-008
   1.8564650000000002E-005   2.1163048024242779E-008
   2.2420167187500008E-005   2.8341822774551189E-008
   2.6891200000000011E-005   3.7539373006877629E-008
   3.2048670312499987E-005   4.9214208448098342E-008
   3.7968749999999991E-005   6.3905577118198780E-008
   4.4733048437499996E-005   8.2243712268508021E-008
   5.2428800000000009E-005   1.0496086974272130E-007
   6.1149051562500018E-005   1.3290316976755827E-007
   7.0992850000000019E-005   1.6704325415307044E-007
   8.2065429687500039E-005   2.0849376671892637E-007
   9.4478399999999986E-005   2.5852166147132302E-007
   1.0834993281249999E-004   3.1856333964436407E-007
   1.2380495000000001E-004   3.9024061319865515E-007
   1.4097531093750003E-004   4.7537748874737831E-007
   1.6000000000000004E-004   5.7601776216504694E-007
   1.8102531406250007E-004   6.9444341033540503E-007
   2.0420504999999996E-004   8.3319376262134615E-007
   2.2970069218749997E-004   9.9508543070018802E-007
   2.5768159999999999E-004   1.1832329714109397E-006
   2.8832519531250003E-004   1.4010702532153086E-006
   3.2181715000000006E-004   1.6523724927898419E-006
   3.5835157343750009E-004   1.9412789241517453E-006
   3.9813119999999993E-004   2.2723160585843861E-006
   4.4136757656249996E-004   2.6504214894791403E-006
   4.8828125000000000E-004   3.0809681920568749E-006
   5.3910195468750001E-004   3.5697892637840330E-006
   5.9406880000000006E-004   4.1232030471635192E-006
   6.5343045781250013E-004   4.7480385724686335E-006
   7.1744535000000027E-004   5.4516612539076566E-006
   7.8638183593750027E-004   6.2419987686665593E-006
   8.6051840000000036E-004   7.1275670442861130E-006
   9.4014383906250052E-004   8.1174962758968867E-006
   1.0255574499999996E-003   9.2215568909693437E-006
   1.1170692171874998E-003   1.0450185375446166E-005
   1.2149999999999997E-003   1.1814509871417907E-005
   1.3196817203124998E-003   1.3326375452891354E-005
   1.4314575499999999E-003   1.4998368982689659E-005
   1.5506820984375000E-003   1.6843843450124950E-005
   1.6777216000000003E-003   1.8876941685805380E-005
   1.8129541015625002E-003   2.1112619346789004E-005
   1.9567696500000006E-003   2.3566667062284771E-005
   2.1095704796875005E-003   2.6255731627235915E-005
   2.2717712000000006E-003   2.9197336128410914E-005
   2.4437989828125012E-003   3.2409898885081976E-005
   2.6260937500000013E-003   3.5912751083998630E-005
   2.8191083609374994E-003   3.9726152986173770E-005
   3.0233087999999996E-003   4.3871308581000373E-005
   3.2391743640624998E-003   4.8370378561417137E-005
   3.4671978499999996E-003   5.3246491492250969E-005
   3.7078857421875000E-003   5.8523753042490556E-005
   3.9617584000000003E-003   6.4227253151097558E-005
   4.2293502453125001E-003   7.0383070995051181E-005
   4.5112099500000009E-003   7.7018277627653221E-005
   4.8079006234375008E-003   8.4160936154704951E-005
   5.1200000000000013E-003   9.1840099316016553E-005
   5.4481006265625015E-003   1.0008580433982339E-004
   5.7928100500000022E-003   1.0892906493808372E-004
   6.1547510046875030E-003   1.1840186031131490E-004
   6.5345615999999988E-003   1.2853712103260933E-004
   6.9328955078124992E-003   1.3936871168175843E-004
   7.3504221499999991E-003   1.5093141010201545E-004
   7.7878268859374999E-003   1.6326088315395763E-004
   8.2458111999999997E-003   1.7639365884316346E-004
   8.7250928890625010E-003   1.9036709470102552E-004
   9.2264062500000011E-003   2.0521934230096711E-004
   9.7505022671875025E-003   2.2098930779564368E-004
   1.0298148800000002E-002   2.3771660836438660E-004
   1.0870130770312503E-002   2.5544152446420267E-004
   1.1467250350000003E-002   2.7420494778208204E-004
   1.2090327148437505E-002   2.9404832479120444E-004
   1.2740198399999998E-002   3.1501359581887005E-004
   1.3417719151562498E-002   3.3714312953963611E-004
   1.4123762449999999E-002   3.6047965281320164E-004
   1.4859219529687499E-002   3.8506617579310207E-004
   1.5625000000000000E-002   4.1094591223919902E-004
   1.6422032032812502E-002   4.3816219497434778E-004
   1.7251262550000000E-002   4.6675838643346797E-004
   1.8113657410937501E-002   4.9677778426155447E-004
   1.9010201600000002E-002   5.2826352192594339E-004
   1.9941899414062506E-002   5.6125846431742861E-004
   2.0909774650000004E-002   5.9580509832456608E-004
   2.1914870792187506E-002   6.3194541837578028E-004
   2.2958251200000009E-002   6.6972080695464997E-004
   2.4040999295312507E-002   7.0917191010502864E-004
   2.5164218750000009E-002   7.5033850795449739E-004
   2.6329033673437512E-002   7.9325938029697137E-004
   2.7536588800000011E-002   8.3797216728819532E-004
   2.8788049676562514E-002   8.8451322532131637E-004
   3.0084602850000017E-002   9.3291747816372358E-004
   3.1427456054687518E-002   9.8321826345095062E-004
   3.2817838399999986E-002   1.0354471746485780E-003
   3.4257000557812486E-002   1.0896338986088707E-003
   3.5746214949999994E-002   1.1458060488651837E-003
   3.7286775935937488E-002   1.2039889948241979E-003
   3.8879999999999991E-002   1.2642056870335752E-003
   4.0527225939062494E-002   1.3264764787208677E-003
   4.2229815049999994E-002   1.3908189438183081E-003
   4.3989151317187496E-002   1.4572476917076641E-003
   4.5806641599999996E-002   1.5257741789394036E-003
   4.7683715820312500E-002   1.5964065182012526E-003
   4.9621827149999999E-002   1.6691492848327067E-003
   5.1622452198437502E-002   1.7440033212041673E-003
   5.3687091200000009E-002   1.8209655393022562E-003
   5.5817268201562506E-002   1.9000287218863634E-003
   5.8014531250000008E-002   1.9811813226057262E-003
   6.0280452579687512E-002   2.0644072654913454E-003
   6.2616628800000018E-002   2.1496857442626438E-003
   6.5024681082812522E-002   2.2369910219152728E-003
   6.7506255350000016E-002   2.3262922310835692E-003
   7.0063022460937527E-002   2.4175531756991699E-003
   7.2696678400000020E-002   2.5107321344957981E-003
   7.5408944464062530E-002   2.6057816669399561E-003
   7.8201567450000037E-002   2.7026484221971702E-003
   8.1076319842187536E-002   2.8012729517747446E-003
   8.4035000000000040E-002   2.9015895265135970E-003
   8.7079432345312471E-002   3.0035259586345194E-003
   9.0211467549999980E-002   3.1070034295775295E-003
   9.3432982723437474E-002   3.2119363244074257E-003
   9.6745881599999986E-002   3.3182320735935891E-003
  0.10015209472656249        3.4257910030082287E-003
  0.10365357964999999        3.5345061930239074E-003
  0.10725232110468749        3.6442633476290831E-003
  0.11095033119999999        3.7549406745188332E-003
  0.11474964960781249        3.8664087771573801E-003
  0.11865234375000000        3.9785305598495574E-003
  0.12266050898593750        4.0911611468994920E-003
  0.12677626880000001        4.2041478169769818E-003
  0.13100177498906251        4.3173299538552187E-003
  0.13533920785000000        4.4305390147276373E-003
  0.13979077636718751        4.5435985173565068E-003
  0.14435871840000003        4.6563240473520718E-003
  0.14904530087031254        4.7685232869278281E-003
  0.15385281995000002        4.8799960665257712E-003
  0.15878360124843754        4.9905344407538245E-003
  0.16384000000000004        5.0999227901284234E-003
  0.16902440125156254        5.2079379501653545E-003
  0.17433922005000005        5.3143493694147934E-003
  0.17978690162968755        5.4189192980886999E-003
  0.18536992160000007        5.5214030089837602E-003
  0.19109078613281258        5.6215490524572521E-003
  0.19695203215000009        5.7190995472708051E-003
  0.20295622751093745        5.8137905091725636E-003
  0.20910597119999996        5.9053522191490999E-003
  0.21540389351406247        5.9935096333355873E-003
  0.22185265624999997        6.0779828366357633E-003
  0.22845495289218748        6.1584875421631701E-003
  0.23521350879999997        6.2347356386800844E-003
  0.24213108139531248        6.3064357882730388E-003
  0.24921046035000000        6.3732940765710584E-003
  0.25645446777343750        6.4350147178781226E-003
  0.26386595839999999        6.4913008176599651E-003
  0.27144781977656252        6.5418551948945485E-003
  0.27920297245000003        6.5863812668656716E-003
  0.28713437015468751        6.6245839990514942E-003
  0.29524500000000004        6.6561709228321574E-003
  0.30353788265781256        6.6808532238160582E-003
  0.31201607255000008        6.6983469036589029E-003
  0.32068265803593754        6.7083740183283107E-003
  0.32954076160000007        6.7106639958438149E-003
  0.33859354003906256        6.7049550366031409E-003
  0.34784418465000011        6.6909955994865523E-003
  0.35729592141718758        6.6685459770147492E-003
  0.36695201120000009        6.6373799629179083E-003
  0.37681574992031264        6.5972866155638091E-003
  0.38689046875000016        6.5480721207746484E-003
  0.39717953429843766        6.4895617576563669E-003
  0.40768634879999993        6.4216031794671760E-003
  0.41841435030156243        6.3440670386895803E-003
  0.42936701284999995        6.2568354011377433E-003
  0.44054784667968744        6.1598266887206441E-003
  0.45196039839999996        6.0530012416952347E-003
  0.46360825118281246        5.9363508519008979E-003
  0.47549502494999996        5.8098942269011623E-003
  0.48762437656093749        5.6736854767511450E-003
  0.50000000000000000        5.5278245857250689E-003
 
  0.40000000000000002        6.4721168452048523E-003
  0.40300000000000002        6.4529138984355918E-003
  0.40600000000000003        6.4330528426538181E-003
  0.40900000000000003        6.4125429702483220E-003
  0.41200000000000003        6.3913932649988644E-003
  0.41500000000000004        6.3696125631401597E-003
  0.41800000000000004        6.3472096634299832E-003
  0.42100000000000004        6.3241933962941933E-003
  0.42400000000000004        6.3005726609518036E-003
  0.42700000000000005        6.2763564383094099E-003
  0.43000000000000005        6.2515537863611142E-003
  0.43300000000000000        6.2261738238408686E-003
  0.43600000000000000        6.2002257069396658E-003
  0.43900000000000000        6.1737186030335692E-003
  0.44200000000000000        6.1466616645592049E-003
  0.44500000000000001        6.1190640054301915E-003
  0.44800000000000001        6.0909346817032617E-003
  0.45100000000000001        6.0622826775846676E-003
  0.45400000000000001        6.0331168973087306E-003
  0.45700000000000002        6.0034461629262324E-003
  0.46000000000000002        5.9732792176089176E-003
  0.46300000000000002        5.9426247337060504E-003
  0.46600000000000003        5.9114913244815446E-003
  0.46900000000000003        5.8798875582174153E-003
  0.47200000000000003        5.8478219731835463E-003
  0.47500000000000003        5.8153030918554303E-003
  0.47800000000000004        5.7823394327000226E-003
  0.48100000000000004        5.7489395178524898E-003
  0.48400000000000004        5.7151118750684241E-003
  0.48699999999999999        5.6808650324594286E-003
  0.48999999999999999        5.6462075047024347E-003
  0.49299999999999999        5.6111477696557067E-003
  0.49600000000000000        5.5756942346166620E-003
  0.49900000000000000        5.5398551918167003E-003
  0.50200000000000000        5.5036387906485370E-003
  0.50500000000000000        5.4670533208333637E-003
  0.50800000000000001        5.4301072306604985E-003
  0.51100000000000001        5.3928089714480416E-003
  0.51400000000000001        5.3551669945140984E-003
  0.51700000000000002        5.3171897511767726E-003
  0.52000000000000002        5.2788856927541662E-003
  0.52300000000000002        5.2402632705643836E-003
  0.52600000000000002        5.2013309359255260E-003
  0.52900000000000003        5.1620971401556979E-003
  0.53200000000000003        5.1225703345730029E-003
  0.53500000000000003        5.0827589704955430E-003
  0.53800000000000003        5.0426714992414237E-003
  0.54100000000000004        5.0023163721287451E-003
  0.54400000000000004        4.9617020404756126E-003
  0.54700000000000004        4.9208369556001282E-003
  0.55000000000000004        4.8797295688203964E-003
  0.55300000000000005        4.8383881455190871E-003
  0.55600000000000005        4.7968202073371468E-003
  0.55900000000000005        4.7550330899800899E-003
  0.56200000000000006        4.7130341291534289E-003
  0.56500000000000006        4.6708306605626783E-003
  0.56800000000000006        4.6284300199133490E-003
  0.57100000000000006        4.5858395429109597E-003
  0.57399999999999995        4.5430665652610204E-003
  0.57699999999999996        4.5001184226690456E-003
  0.57999999999999996        4.4570024508405496E-003
  0.58299999999999996        4.4137259854810469E-003
  0.58599999999999997        4.3702963622960483E-003
  0.58899999999999997        4.3267209169910708E-003
  0.59199999999999997        4.2830069852716254E-003
  0.59499999999999997        4.2391619028432281E-003
  0.59799999999999998        4.1951930054113908E-003
  0.60099999999999998        4.1511076286816296E-003
  0.60399999999999998        4.1069131083594553E-003
  0.60699999999999998        4.0626167801503833E-003
  0.60999999999999999        4.0182259797599271E-003
  0.61299999999999999        3.9737480428936002E-003
  0.61599999999999999        3.9291903052569169E-003
  0.61899999999999999        3.8845601025553891E-003
  0.62200000000000000        3.8398647704945329E-003
  0.62500000000000000        3.7951116447798609E-003
  0.62800000000000000        3.7503080611168871E-003
  0.63100000000000001        3.7054613552111241E-003
  0.63400000000000001        3.6605788627680873E-003
  0.63700000000000001        3.6156679194932896E-003
  0.64000000000000001        3.5707358610922442E-003
  0.64300000000000002        3.5257900232704654E-003
  0.64600000000000002        3.4808377417334673E-003
  0.64900000000000002        3.4358863521867628E-003
  0.65200000000000002        3.3909431903358673E-003
  0.65500000000000003        3.3460155918862921E-003
  0.65800000000000003        3.3011108925435524E-003
  0.66100000000000003        3.2562364280131614E-003
  0.66400000000000003        3.2113995340006330E-003
  0.66700000000000004        3.1666075462114807E-003
  0.67000000000000004        3.1218678003512189E-003
  0.67300000000000004        3.0771876321253606E-003
  0.67600000000000005        3.0325743772394195E-003
  0.67900000000000005        2.9880353713989099E-003
  0.68200000000000005        2.9435779503093453E-003
  0.68500000000000005        2.8992094496762383E-003
  0.68800000000000006        2.8549372052051060E-003
  0.69100000000000006        2.8107685526014576E-003
  0.69400000000000006        2.7667108275708095E-003
  0.69700000000000006        2.7227713658186750E-003
  0.69999999999999996        2.6789575030505674E-003
  0.70299999999999996        2.6352763996444857E-003
  0.70599999999999996        2.5917345146683679E-003
  0.70899999999999996        2.5483381318626361E-003
  0.71199999999999997        2.5050935349677137E-003
  0.71499999999999997        2.4620070077240224E-003
  0.71799999999999997        2.4190848338719855E-003
  0.72099999999999997        2.3763332971520256E-003
  0.72399999999999998        2.3337586813045653E-003
  0.72699999999999998        2.2913672700700274E-003
  0.72999999999999998        2.2491653471888346E-003
  0.73299999999999998        2.2071591964014097E-003
  0.73599999999999999        2.1653551014481744E-003
  0.73899999999999999        2.1237593460695526E-003
  0.74199999999999999        2.0823782140059672E-003
  0.74500000000000000        2.0412179889978390E-003
  0.74800000000000000        2.0002849547855941E-003
  0.75100000000000000        1.9595853951096510E-003
  0.75400000000000000        1.9191255937104350E-003
  0.75700000000000001        1.8789118343283677E-003
  0.76000000000000001        1.8389504007038729E-003
  0.76300000000000001        1.7992475765773721E-003
  0.76600000000000001        1.7598096456892885E-003
  0.76900000000000002        1.7206428917800446E-003
  0.77200000000000002        1.6817535985900638E-003
  0.77500000000000002        1.6431480498597677E-003
  0.77800000000000002        1.6048325293295798E-003
  0.78100000000000003        1.5668133207399221E-003
  0.78400000000000003        1.5290967078312179E-003
  0.78700000000000003        1.4916889743438896E-003
  0.79000000000000004        1.4545964040183601E-003
  0.79300000000000004        1.4178252805950513E-003
  0.79600000000000004        1.3813818878143870E-003
  0.79900000000000004        1.3452725094167891E-003
  0.80200000000000005        1.3095034291426806E-003
  0.80500000000000005        1.2740809307324843E-003
  0.80800000000000005        1.2390112979266223E-003
  0.81100000000000005        1.2043008144655180E-003
  0.81400000000000006        1.1699557640895938E-003
  0.81700000000000006        1.1359824305392720E-003
  0.82000000000000006        1.1023870975549758E-003
  0.82299999999999995        1.0691760488771283E-003
  0.82599999999999996        1.0363555682461507E-003
  0.82899999999999996        1.0039319394024668E-003
  0.83199999999999996        9.7191144608649901E-004
  0.83499999999999996        9.4030037203866998E-004
  0.83799999999999997        9.0910500099940239E-004
  0.84099999999999997        8.7833161670911877E-004
  0.84399999999999997        8.4798650290824219E-004
  0.84699999999999998        8.1807594333719528E-004
  0.84999999999999998        7.8860622173640036E-004
  0.85299999999999998        7.5958349337254343E-004
  0.85599999999999998        7.3101339961736283E-004
  0.85899999999999999        7.0290145336885995E-004
  0.86199999999999999        6.7525316752503617E-004
  0.86499999999999999        6.4807405498389298E-004
  0.86799999999999999        6.2136962864343189E-004
  0.87100000000000000        5.9514540140165415E-004
  0.87400000000000000        5.6940688615656127E-004
  0.87700000000000000        5.4415959580615485E-004
  0.88000000000000000        5.1940904324843595E-004
  0.88300000000000001        4.9516074138140627E-004
  0.88600000000000001        4.7142020310306720E-004
  0.88900000000000001        4.4819294131142007E-004
  0.89200000000000002        4.2548446890446637E-004
  0.89500000000000002        4.0330029878020754E-004
  0.89800000000000002        3.8164594383664503E-004
  0.90100000000000002        3.6052691697178069E-004
  0.90400000000000003        3.3994873108361500E-004
  0.90700000000000003        3.1991689907014982E-004
  0.91000000000000003        3.0043693382938671E-004
  0.91300000000000003        2.8151434825932699E-004
  0.91600000000000004        2.6315465525797210E-004
  0.91900000000000004        2.4536336772332349E-004
  0.92200000000000004        2.2814599855338260E-004
  0.92500000000000004        2.1150806064615084E-004
  0.92800000000000005        1.9545506689962964E-004
  0.93100000000000005        1.7999253021182043E-004
  0.93400000000000005        1.6512596348072463E-004
  0.93700000000000006        1.5086087960434366E-004
  0.94000000000000006        1.3720279148067896E-004
  0.94300000000000006        1.2415721200773196E-004
  0.94600000000000006        1.1172965408350412E-004
  0.94900000000000007        9.9925630605996799E-005
  0.95200000000000007        8.8750654473211454E-005
  0.95500000000000007        7.8210238583149532E-005
  0.95800000000000007        6.8309895833812417E-005
  0.96100000000000008        5.9055139123201582E-005
  0.96400000000000008        5.0451481349318438E-005
  0.96700000000000008        4.2504435410164403E-005
  0.97000000000000008        3.5219514203740916E-005
  0.97300000000000009        2.8602230628049398E-005
  0.97599999999999998        2.2658097581091406E-005
  0.97899999999999998        1.7392627960868098E-005
  0.98199999999999998        1.2811334665381045E-005
  0.98499999999999999        8.9197305926316743E-006
  0.98799999999999999        5.7233286406214118E-006
  0.99099999999999999        3.2276417073516851E-006
  0.99399999999999999        1.4381826908239229E-006
  0.99700000000000000        3.6046448903955196E-007
   1.0000000000000000        0.0000000000000000     
 
