   0.0000000000000000        0.0000000000000000     
   1.5625000000000003E-012   3.7866143403928290E-025
   5.0000000000000008E-011   9.2740662151159690E-023
   3.7968749999999994E-010   2.2708893233520732E-021
   1.6000000000000003E-009   2.1640968404077680E-020
   4.8828125000000012E-009   1.2287302925787147E-019
   1.2149999999999998E-008   5.0243922093657489E-019
   2.6260937500000011E-008   1.6370197362001872E-018
   5.1200000000000008E-008   4.5137642339808195E-018
   9.2264062499999987E-008   1.0949316730903645E-017
   1.5625000000000004E-007   2.3992089317928221E-017
   2.5164218749999999E-007   4.8386647940128569E-017
   3.8879999999999993E-007   9.1060695278419205E-017
   5.8014531250000006E-007   1.6157444469603530E-016
   8.4035000000000035E-007   2.7244961847041053E-016
   1.1865234374999997E-006   4.3927131648087996E-016
   1.6384000000000003E-006   6.8043103079829855E-016
   2.2185265625000006E-006   1.0163535675759537E-015
   2.9524499999999996E-006   1.4680250299373988E-015
   3.8689046875000003E-006   2.0546137419287024E-015
   5.0000000000000013E-006   2.7899515070804676E-015
   6.3814078124999989E-006   3.6776193346069486E-015
   8.0525499999999997E-006   4.7043601585916298E-015
   1.0056785937500002E-005   5.8315215616673327E-015
   1.2441599999999998E-005   6.9842145486457143E-015
   1.5258789062500000E-005   8.0378604069095411E-015
   1.8564650000000002E-005   8.8017869755936892E-015
   2.2420167187500008E-005   8.9995290828619139E-015
   2.6891200000000011E-005   8.2454848887967031E-015
   3.2048670312499987E-005   6.0175825208725644E-015
   3.7968749999999991E-005   1.6256178612283181E-015
   4.4733048437499996E-005   5.8250622913551648E-015
   5.2428800000000009E-005   1.7474840184582660E-014
   6.1149051562500018E-005   3.4756352454373780E-014
   7.0992850000000019E-005   5.9446513770500267E-014
   8.2065429687500039E-005   9.3724251741744454E-014
   9.4478399999999986E-005   1.4023412177812915E-013
   1.0834993281249999E-004   2.0215591730539761E-013
   1.2380495000000001E-004   2.8328032949269313E-013
   1.4097531093750003E-004   3.8809064115330919E-013
   1.6000000000000004E-004   5.2185036410488230E-013
   1.8102531406250007E-004   6.9069663889539710E-013
   2.0420504999999996E-004   9.0173912674233929E-013
   2.2970069218749997E-004   1.1631640117662467E-012
   2.5768159999999999E-004   1.4843426282472587E-012
   2.8832519531250003E-004   1.8759440962619891E-012
   3.2181715000000006E-004   2.3500512193872790E-012
   3.5835157343750009E-004   2.9202787686327108E-012
   3.9813119999999993E-004   3.6018931080149438E-012
   4.4136757656249996E-004   4.4119319710290246E-012
   4.8828125000000000E-004   5.3693230386275317E-012
   5.3910195468750001E-004   6.4949997601730298E-012
   5.9406880000000006E-004   7.8120127283889278E-012
   6.5343045781250013E-004   9.3456346644602519E-012
   7.1744535000000027E-004   1.1123456948041821E-011
   7.8638183593750027E-004   1.3175475307520476E-011
   8.6051840000000036E-004   1.5534162260727803E-011
   9.4014383906250052E-004   1.8234523439065147E-011
   1.0255574499999996E-003   2.1314134947546116E-011
   1.1170692171874998E-003   2.4813158533838137E-011
   1.2149999999999997E-003   2.8774331157060396E-011
   1.3196817203124998E-003   3.3242925411147107E-011
   1.4314575499999999E-003   3.8266676870773478E-011
   1.5506820984375000E-003   4.3895674389446089E-011
   1.6777216000000003E-003   5.0182209062508698E-011
   1.8129541015625002E-003   5.7180577325801286E-011
   1.9567696500000006E-003   6.4946833736321898E-011
   2.1095704796875005E-003   7.3538488303990056E-011
   2.2717712000000006E-003   8.3014143719358421E-011
   2.4437989828125012E-003   9.3433067068064092E-011
   2.6260937500000013E-003   1.0485469089785173E-010
   2.8191083609374994E-003   1.1733803831855180E-010
   3.0233087999999996E-003   1.3094106670852383E-010
   3.2391743640624998E-003   1.4571992437055254E-010
   3.4671978499999996E-003   1.6172811516060869E-010
   3.7078857421875000E-003   1.7901556508842815E-010
   3.9617584000000003E-003   1.9762758621023075E-010
   4.2293502453125001E-003   2.1760373220419606E-010
   4.5112099500000009E-003   2.3897654068681781E-010
   4.8079006234375008E-003   2.6177015832180554E-010
   5.1200000000000013E-003   2.8599884303567907E-010
   5.4481006265625015E-003   3.1166534083336456E-010
   5.7928100500000022E-003   3.3875913276226980E-010
   6.1547510046875030E-003   3.6725454996028225E-010
   6.5345615999999988E-003   3.9710875371586499E-010
   6.9328955078124992E-003   4.2825958031928770E-010
   7.3504221499999991E-003   4.6062324912761212E-010
   7.7878268859374999E-003   4.9409193503943577E-010
   8.2458111999999997E-003   5.2853120705718777E-010
   8.7250928890625010E-003   5.6377733540261663E-010
   9.2264062500000011E-003   5.9963447207525904E-010
   9.7505022671875025E-003   6.3587171078804356E-010
   1.0298148800000002E-002   6.7222003313913007E-010
   1.0870130770312503E-002   7.0836915166630224E-010
   1.1467250350000003E-002   7.4396426051567508E-010
   1.2090327148437505E-002   7.7860270853577664E-010
   1.2740198399999998E-002   8.1183060950234302E-010
   1.3417719151562498E-002   8.4313940899870377E-010
   1.4123762449999999E-002   8.7196243176221092E-010
   1.4859219529687499E-002   8.9767142993498177E-010
   1.5625000000000000E-002   9.1957316326340078E-010
   1.6422032032812502E-002   9.3690604169830061E-010
   1.7251262550000000E-002   9.4883686529291768E-010
   1.8113657410937501E-002   9.5445769897549227E-010
   1.9010201600000002E-002   9.5278292803131853E-010
   1.9941899414062506E-002   9.4274653567063942E-010
   2.0909774650000004E-002   9.2319966114039174E-010
   2.1914870792187506E-002   8.9290848963418854E-010
   2.2958251200000009E-002   8.5055253111469993E-010
   2.4040999295312507E-002   7.9472336700188205E-010
   2.5164218750000009E-002   7.2392391806048378E-010
   2.6329033673437512E-002   6.3656832102392756E-010
   2.7536588800000011E-002   5.3098249249055923E-010
   2.8788049676562514E-002   4.0540546199394719E-010
   3.0084602850000017E-002   2.5799157156078148E-010
   3.1427456054687518E-002   8.6813630334102253E-011
   3.2817838399999986E-002   1.1013286112622029E-010
   3.4257000557812486E-002   3.3492432845616124E-010
   3.5746214949999994E-002   5.8970245632286530E-010
   3.7286775935937488E-002   8.7666613055013876E-010
   3.8879999999999991E-002   1.1980618622732320E-009
   4.0527225939062494E-002   1.5561725908478913E-009
   4.2229815049999994E-002   1.9533047043640731E-009
   4.3989151317187496E-002   2.3917731947871736E-009
   4.5806641599999996E-002   2.8738847906080915E-009
   4.7683715820312500E-002   3.4019189421648189E-009
   4.9621827149999999E-002   3.9781065513818922E-009
   5.1622452198437502E-002   4.6046062977838631E-009
   5.3687091200000009E-002   5.2834784674922755E-009
   5.5817268201562506E-002   6.0166561598305542E-009
   5.8014531250000008E-002   6.8059137565357787E-009
   6.0280452579687512E-002   7.6528326052007479E-009
   6.2616628800000018E-002   8.5587637892051920E-009
   6.5024681082812522E-002   9.5247879618892344E-009
   6.7506255350000016E-002   1.0551672178310575E-008
   7.0063022460937527E-002   1.1639823768046870E-008
   7.2696678400000020E-002   1.2789241160949121E-008
   7.5408944464062530E-002   1.3999461864782572E-008
   7.8201567450000037E-002   1.5269507542142500E-008
   8.1076319842187536E-002   1.6597826438675960E-008
   8.4035000000000040E-002   1.7982233286728812E-008
   8.7079432345312471E-002   1.9419846999365015E-008
   9.0211467549999980E-002   2.0907026393891025E-008
   9.3432982723437474E-002   2.2439304483352626E-008
   9.6745881599999986E-002   2.4011321684633003E-008
  0.10015209472656249        2.5616758673245324E-008
  0.10365357964999999        2.7248269468322826E-008
  0.10725232110468749        2.8897415702573907E-008
  0.11095033119999999        3.0554603003459640E-008
  0.11474964960781249        3.2209020572623270E-008
  0.11865234375000000        3.3848585371911366E-008
  0.12266050898593750        3.5459892384752970E-008
  0.12677626880000001        3.7028172641702785E-008
  0.13100177498906251        3.8537260988378380E-008
  0.13533920785000000        3.9969575888652652E-008
  0.13979077636718751        4.1306113666784732E-008
  0.14435871840000003        4.2526460115929873E-008
  0.14904530087031254        4.3608822560876332E-008
  0.15385281995000002        4.4530086154161092E-008
  0.15878360124843754        4.5265898032746271E-008
  0.16384000000000004        4.5790784233080253E-008
  0.16902440125156254        4.6078303897056210E-008
  0.17433922005000005        4.6101246704669092E-008
  0.17978690162968755        4.5831879204077945E-008
  0.18536992160000007        4.5242247277812035E-008
  0.19109078613281258        4.4304541697660382E-008
  0.19695203215000009        4.2991535793653513E-008
  0.20295622751093745        4.1277103280713478E-008
  0.20910597119999996        3.9136827514066039E-008
  0.21540389351406247        3.6548712037754885E-008
  0.22185265624999997        3.3494005530667770E-008
  0.22845495289218748        2.9958153542256790E-008
  0.23521350879999997        2.5931892449877094E-008
  0.24213108139531248        2.1412500652771388E-008
  0.24921046035000000        1.6405225229336463E-008
  0.25645446777343750        1.0924902545277131E-008
  0.26386595839999999        4.9977936755488967E-009
  0.27144781977656252        1.3363426213967135E-009
  0.27920297245000003        8.0219150028800708E-009
  0.28713437015468751        1.4984875635876681E-008
  0.29524500000000004        2.2129778575350507E-008
  0.30353788265781256        2.9336488264636057E-008
  0.31201607255000008        3.6456504522470007E-008
  0.32068265803593754        4.3308865993551801E-008
  0.32954076160000007        4.9675592415089875E-008
  0.33859354003906256        5.5296621658848111E-008
  0.34784418465000011        5.9864194436419302E-008
  0.35729592141718758        6.3016634914400082E-008
  0.36695201120000009        6.4331473646613614E-008
  0.37681574992031264        6.3317850378740244E-008
  0.38689046875000016        5.9408135347760585E-008
  0.39717953429843766        5.1948697461045774E-008
  0.40768634879999993        3.8981430108065888E-008
  0.41841435030156243        1.8790594232954928E-008
  0.42936701284999995        3.7739585449920604E-009
  0.44054784667968744        2.0974828605752276E-009
  0.45196039839999996        6.3180585782472803E-009
  0.46360825118281246        1.4731642242852658E-008
  0.47549502494999996        2.4217299457391317E-008
  0.48762437656093749        2.8263807836531336E-008
  0.50000000000000000        2.4391019010084628E-008
 
  0.40000000000000002        4.9225891318944216E-008
  0.40300000000000002        4.5877801240836985E-008
  0.40600000000000003        4.1709355858569652E-008
  0.40900000000000003        3.6691468640598284E-008
  0.41200000000000003        3.1075773150392080E-008
  0.41500000000000004        2.5233458583896463E-008
  0.41800000000000004        1.9545113018185420E-008
  0.42100000000000004        1.4331500991069138E-008
  0.42400000000000004        9.8163717164125085E-009
  0.42700000000000005        6.1135080975393508E-009
  0.43000000000000005        3.2312798894666415E-009
  0.43300000000000000        1.0889536074114878E-009
  0.43600000000000000        4.6005370870195764E-010
  0.43900000000000000        1.6019232929781105E-009
  0.44200000000000000        2.5363230654935643E-009
  0.44500000000000001        3.4528295181227875E-009
  0.44800000000000001        4.5115922095142711E-009
  0.45100000000000001        5.8293318181573841E-009
  0.45400000000000001        7.4712039547994368E-009
  0.45700000000000002        9.4485667571903411E-009
  0.46000000000000002        1.1722258845862652E-008
  0.46300000000000002        1.4210623878450990E-008
  0.46600000000000003        1.6801210504122180E-008
  0.46900000000000003        1.9364833733464879E-008
  0.47200000000000003        2.1770497972469175E-008
  0.47500000000000003        2.3899563623246100E-008
  0.47800000000000004        2.5657477622592337E-008
  0.48100000000000004        2.6981390922337519E-008
  0.48400000000000004        2.7842047691792697E-008
  0.48699999999999999        2.8238454351029032E-008
  0.48999999999999999        2.8184018989305943E-008
  0.49299999999999999        2.7683094299321162E-008
  0.49600000000000000        2.6697159342214081E-008
  0.49900000000000000        2.5100235495306419E-008
  0.50200000000000000        2.2651032239286429E-008
  0.50500000000000000        1.9276030260497409E-008
  0.50800000000000001        1.5087634675346044E-008
  0.51100000000000001        1.0228547030876710E-008
  0.51400000000000001        4.8686457761229734E-009
  0.51700000000000002        7.9510646724697371E-010
  0.52000000000000002        6.5387574776471152E-009
  0.52300000000000002        1.2111461737076027E-008
  0.52600000000000002        1.7235578370439391E-008
  0.52900000000000003        2.1606770592504763E-008
  0.53200000000000003        2.4894106586510149E-008
  0.53500000000000003        2.6740161704284167E-008
  0.53800000000000003        2.6761121893911773E-008
  0.54100000000000004        2.4546888287806316E-008
  0.54400000000000004        1.9661182835050824E-008
  0.54700000000000004        1.1641654936642397E-008
  0.55000000000000004        1.1025882931550799E-014
  0.55300000000000005        1.5592051883003867E-008
  0.55600000000000005        3.4744710251436269E-008
  0.55900000000000005        5.6907930988497197E-008
  0.56200000000000006        8.1557186147620168E-008
  0.56500000000000006        1.0819336392982389E-007
  0.56800000000000006        1.3634265710658419E-007
  0.57100000000000006        1.6555645099415955E-007
  0.57399999999999995        1.9541121098570460E-007
  0.57699999999999996        2.2550836975806227E-007
  0.57999999999999996        2.5547421413002780E-007
  0.58299999999999996        2.8495977167110473E-007
  0.58599999999999997        3.1364069707237725E-007
  0.58899999999999997        3.4121715834697518E-007
  0.59199999999999997        3.6741372286312158E-007
  0.59499999999999997        3.9197924329270282E-007
  0.59799999999999998        4.1468674346674089E-007
  0.60099999999999998        4.3533330421117377E-007
  0.60399999999999998        4.5373994915891901E-007
  0.60699999999999998        4.6975153060672533E-007
  0.60999999999999999        4.8323661541151087E-007
  0.61299999999999999        4.9408737097791075E-007
  0.61599999999999999        5.0221945135504823E-007
  0.61899999999999999        5.0757188346465579E-007
  0.62200000000000000        5.1010695349956618E-007
  0.62500000000000000        5.0981009349045479E-007
  0.62800000000000000        5.0668976809018540E-007
  0.63100000000000001        5.0077736157669314E-007
  0.63400000000000001        4.9212706510801210E-007
  0.63700000000000001        4.8081576423329503E-007
  0.64000000000000001        4.6694292669312473E-007
  0.64300000000000002        4.5063049051849474E-007
  0.64600000000000002        4.3202275244214570E-007
  0.64900000000000002        4.1128625664213154E-007
  0.65200000000000002        3.8860968383402617E-007
  0.65500000000000003        3.6420374071292779E-007
  0.65800000000000003        3.3830104978136365E-007
  0.66100000000000003        3.1115603954730798E-007
  0.66400000000000003        2.8304483512713307E-007
  0.66700000000000004        2.5426514925076468E-007
  0.67000000000000004        2.2513617368647680E-007
  0.67300000000000004        1.9599847108873641E-007
  0.67600000000000005        1.6721386728585062E-007
  0.67900000000000005        1.3916534401062554E-007
  0.68200000000000005        1.1225693208129146E-007
  0.68500000000000005        8.6913605044224308E-008
  0.68800000000000006        6.3581173288911832E-008
  0.69100000000000006        4.2726178619374332E-008
  0.69400000000000006        2.4835789332765867E-008
  0.69700000000000006        1.0417695757683955E-008
  0.69999999999999996        6.2966368891240491E-015
  0.70299999999999996        6.0441835463283099E-009
  0.70599999999999996        8.0228766846477765E-009
  0.70899999999999996        6.3992943561079350E-009
  0.71199999999999997        1.6166505566657729E-009
  0.71499999999999997        5.9017465194859424E-009
  0.71799999999999997        1.5752393562066623E-008
  0.72099999999999997        2.7551491739382115E-008
  0.72399999999999998        4.0934846817869483E-008
  0.72699999999999998        5.5557769804948495E-008
  0.72999999999999998        7.1094978116551775E-008
  0.73299999999999998        8.7240497274180577E-008
  0.73599999999999999        1.0370756312894104E-007
  0.73899999999999999        1.2022852462172732E-007
  0.74199999999999999        1.3655474706907083E-007
  0.74500000000000000        1.5245651598399260E-007
  0.74800000000000000        1.6772294143951311E-007
  0.75100000000000000        1.8216186294689862E-007
  0.75400000000000000        1.9559975489565501E-007
  0.75700000000000001        2.0788163250422233E-007
  0.76000000000000001        2.1887095832301563E-007
  0.76300000000000001        2.2844954926207291E-007
  0.76600000000000001        2.3651748416195162E-007
  0.76900000000000002        2.4299301189448722E-007
  0.77200000000000002        2.4781246000010691E-007
  0.77500000000000002        2.5093014385632964E-007
  0.77800000000000002        2.5231827638463239E-007
  0.78100000000000003        2.5196687828239168E-007
  0.78400000000000003        2.4988368879286810E-007
  0.78700000000000003        2.4609407699944929E-007
  0.79000000000000004        2.4064095365308218E-007
  0.79300000000000004        2.3358468352389422E-007
  0.79600000000000004        2.2500299828372865E-007
  0.79900000000000004        2.1499090990652273E-007
  0.80200000000000005        2.0366062459878204E-007
  0.80500000000000005        1.9114145724730460E-007
  0.80800000000000005        1.7757974638775338E-007
  0.81100000000000005        1.6313876969283759E-007
  0.81400000000000006        1.4799865997386110E-007
  0.81700000000000006        1.3235632169846628E-007
  0.82000000000000006        1.1642534802131633E-007
  0.82299999999999995        1.0043593832167416E-007
  0.82599999999999996        8.4634816254969924E-008
  0.82899999999999996        6.9285148303152174E-008
  0.83199999999999996        5.4666462834065961E-008
  0.83499999999999996        4.1074569661123920E-008
  0.83799999999999997        2.8821480101535412E-008
  0.84099999999999997        1.8235327531946457E-008
  0.84399999999999997        9.6602884393025019E-009
  0.84699999999999998        3.4565039622829230E-009
  0.84999999999999998        1.9236018176378266E-015
  0.85299999999999998        4.4585438653758530E-010
  0.85599999999999998        1.8841355825281479E-009
  0.85899999999999999        6.6423543391315321E-009
  0.86199999999999999        1.3496764052545076E-008
  0.86499999999999999        2.2130830996531080E-008
  0.86799999999999999        3.2243450467283034E-008
  0.87100000000000000        4.3548872173178613E-008
  0.87400000000000000        5.5776626094560883E-008
  0.87700000000000000        6.8671448809645817E-008
  0.88000000000000000        8.1993210283912638E-008
  0.88300000000000001        9.5516841122717048E-008
  0.88600000000000001        1.0903226028037580E-007
  0.88900000000000001        1.2234430322650332E-007
  0.89200000000000002        1.3527265056553346E-007
  0.89500000000000002        1.4765175710637262E-007
  0.89800000000000002        1.5933078138016203E-007
  0.90100000000000002        1.7017351560350503E-007
  0.90400000000000003        1.8005831608180437E-007
  0.90700000000000003        1.8887803405688183E-007
  0.91000000000000003        1.9653994698695220E-007
  0.91300000000000003        2.0296569026258639E-007
  0.91600000000000004        2.0809118935430036E-007
  0.91900000000000004        2.1186659238838528E-007
  0.92200000000000004        2.1425620314880310E-007
  0.92500000000000004        2.1523841450212132E-007
  0.92800000000000005        2.1480564224315354E-007
  0.93100000000000005        2.1296425935811429E-007
  0.93400000000000005        2.0973453070279476E-007
  0.93700000000000006        2.0515054809304004E-007
  0.94000000000000006        1.9926016580478539E-007
  0.94300000000000006        1.9212493648075654E-007
  0.94600000000000006        1.8382004744146995E-007
  0.94900000000000007        1.7443425739743555E-007
  0.95200000000000007        1.6406983356029942E-007
  0.95500000000000007        1.5284248914983440E-007
  0.95800000000000007        1.4088132129423246E-007
  0.96100000000000008        1.2832874932129206E-007
  0.96400000000000008        1.1534045343730648E-007
  0.96700000000000008        1.0208531379151022E-007
  0.97000000000000008        8.8745349923180958E-008
  0.97300000000000009        7.5515660588751330E-008
  0.97599999999999998        6.2604363966354309E-008
  0.97899999999999998        5.0232538235572636E-008
  0.98199999999999998        3.8634162528599122E-008
  0.98499999999999999        2.8056058251882758E-008
  0.98799999999999999        1.8757830774408985E-008
  0.99099999999999999        1.1011811480567722E-008
  0.99399999999999999        5.1030001849583686E-009
  0.99700000000000000        1.3290079065971681E-009
   1.0000000000000000        0.0000000000000000     
 
