   0.0000000000000000        0.0000000000000000     
   1.5625000000000003E-012   1.2773886008036339E-019
   5.0000000000000008E-011   3.2415848591823781E-017
   3.7968749999999994E-010   8.2350286429364009E-016
   1.6000000000000003E-009   8.1533438500672703E-015
   4.8828125000000012E-009   4.8168105812951694E-014
   1.2149999999999998E-008   2.0527499270382026E-013
   2.6260937500000011E-008   6.9826378759428876E-013
   5.1200000000000008E-008   2.0139410102241361E-012
   9.2264062499999987E-008   5.1208364959271596E-012
   1.5625000000000004E-007   1.1788457766339742E-011
   2.5164218749999999E-007   2.5040133642650636E-011
   3.8879999999999993E-007   4.9769714007837959E-011
   5.8014531250000006E-007   9.3554286314734244E-011
   8.4035000000000035E-007   1.6769664022123876E-010
   1.1865234374999997E-006   2.8853246847193201E-010
   1.6384000000000003E-006   4.7903824369611910E-010
   2.2185265625000006E-006   7.7077636601529734E-010
   2.9524499999999996E-006   1.2062145441076167E-009
   3.8689046875000003E-006   1.8414564615224101E-009
   5.0000000000000013E-006   2.7494205994337159E-009
   6.3814078124999989E-006   4.0235036455272904E-009
   8.0525499999999997E-006   5.7817642251902513E-009
   1.0056785937500002E-005   8.1716617544755410E-009
   1.2441599999999998E-005   1.1375384043304416E-008
   1.5258789062500000E-005   1.5615795880908286E-008
   1.8564650000000002E-005   2.1163039222455805E-008
   2.2420167187500008E-005   2.8341813775022107E-008
   2.6891200000000011E-005   3.7539364761392741E-008
   3.2048670312499987E-005   4.9214202430515823E-008
   3.7968749999999991E-005   6.3905575492580916E-008
   4.4733048437499996E-005   8.2243718093570315E-008
   5.2428800000000009E-005   1.0496088721756148E-007
   6.1149051562500018E-005   1.3290320452391072E-007
   7.0992850000000019E-005   1.6704331359958420E-007
   8.2065429687500039E-005   2.0849386044317810E-007
   9.4478399999999986E-005   2.5852180170544481E-007
   1.0834993281249999E-004   3.1856354180028138E-007
   1.2380495000000001E-004   3.9024089647898464E-007
   1.4097531093750003E-004   4.7537787683801944E-007
   1.6000000000000004E-004   5.7601828401541104E-007
   1.8102531406250007E-004   6.9444410103204396E-007
   2.0420504999999996E-004   8.3319466436047291E-007
   2.2970069218749997E-004   9.9508659386419974E-007
   2.5768159999999999E-004   1.1832344557535681E-006
   2.8832519531250003E-004   1.4010721291594049E-006
   3.2181715000000006E-004   1.6523748428410612E-006
   3.5835157343750009E-004   1.9412818444305140E-006
   3.9813119999999993E-004   2.2723196604774941E-006
   4.4136757656249996E-004   2.6504259014111112E-006
   4.8828125000000000E-004   3.0809735613799137E-006
   5.3910195468750001E-004   3.5697957587837932E-006
   5.9406880000000006E-004   4.1232108591762475E-006
   6.5343045781250013E-004   4.7480479181032979E-006
   7.1744535000000027E-004   5.4516723773646044E-006
   7.8638183593750027E-004   6.2420119441418668E-006
   8.6051840000000036E-004   7.1275825784483738E-006
   9.4014383906250052E-004   8.1175145104203258E-006
   1.0255574499999996E-003   9.2215782051042913E-006
   1.1170692171874998E-003   1.0450210188604699E-005
   1.2149999999999997E-003   1.1814538645749065E-005
   1.3196817203124998E-003   1.3326408695816765E-005
   1.4314575499999999E-003   1.4998407249366530E-005
   1.5506820984375000E-003   1.6843887345799338E-005
   1.6777216000000003E-003   1.8876991868014442E-005
   1.8129541015625002E-003   2.1112676527366331E-005
   1.9567696500000006E-003   2.3566732009118506E-005
   2.1095704796875005E-003   2.6255805165724219E-005
   2.2717712000000006E-003   2.9197419142554633E-005
   2.4437989828125012E-003   3.2409992318149046E-005
   2.6260937500000013E-003   3.5912855938689525E-005
   2.8191083609374994E-003   3.9726270324212090E-005
   3.0233087999999996E-003   4.3871439522067078E-005
   3.2391743640624998E-003   4.8370524281341505E-005
   3.4671978499999996E-003   5.3246653220366129E-005
   3.7078857421875000E-003   5.8523932058055643E-005
   3.9617584000000003E-003   6.4227450778683769E-005
   4.2293502453125001E-003   7.0383288598783387E-005
   4.5112099500000009E-003   7.7018516604193912E-005
   4.8079006234375008E-003   8.4161197924863276E-005
   5.1200000000000013E-003   9.1840385314859583E-005
   5.4481006265625015E-003   1.0008611600516422E-004
   5.7928100500000022E-003   1.0892940369721648E-004
   6.1547510046875030E-003   1.1840222756586486E-004
   6.5345615999999988E-003   1.2853751814136303E-004
   6.9328955078124992E-003   1.3936913994133876E-004
   7.3504221499999991E-003   1.5093187072526458E-004
   7.7878268859374999E-003   1.6326137724589267E-004
   8.2458111999999997E-003   1.7639418737437051E-004
   8.7250928890625010E-003   1.9036765847836091E-004
   9.2264062500000011E-003   2.0521994193543918E-004
   9.7505022671875025E-003   2.2098994366735446E-004
   1.0298148800000002E-002   2.3771728058441974E-004
   1.0870130770312503E-002   2.5544223283335431E-004
   1.1467250350000003E-002   2.7420569174634257E-004
   1.2090327148437505E-002   2.9404910339391295E-004
   1.2740198399999998E-002   3.1501440764947956E-004
   1.3417719151562498E-002   3.3714397267904509E-004
   1.4123762449999999E-002   3.6048052477563342E-004
   1.4859219529687499E-002   3.8506707346453199E-004
   1.5625000000000000E-002   4.1094683181236229E-004
   1.6422032032812502E-002   4.3816313188038946E-004
   1.7251262550000000E-002   4.6675933527033327E-004
   1.8113657410937501E-002   4.9677873871925343E-004
   1.9010201600000002E-002   5.2826447470887146E-004
   1.9941899414062506E-002   5.6125940706396428E-004
   2.0909774650000004E-002   5.9580602152422722E-004
   2.1914870792187506E-002   6.3194631128426994E-004
   2.2958251200000009E-002   6.6972165750718105E-004
   2.4040999295312507E-002   7.0917270482839562E-004
   2.5164218750000009E-002   7.5033923187841549E-004
   2.6329033673437512E-002   7.9326001686529242E-004
   2.7536588800000011E-002   8.3797269827068778E-004
   2.8788049676562514E-002   8.8451363072677839E-004
   3.0084602850000017E-002   9.3291773615529516E-004
   3.1427456054687518E-002   9.8321835026458091E-004
   3.2817838399999986E-002   1.0354470645157169E-003
   3.4257000557812486E-002   1.0896335636845422E-003
   3.5746214949999994E-002   1.1458054591627273E-003
   3.7286775935937488E-002   1.2039881181580673E-003
   3.8879999999999991E-002   1.2642044889717131E-003
   4.0527225939062494E-002   1.3264749225482769E-003
   4.2229815049999994E-002   1.3908169905136037E-003
   4.3989151317187496E-002   1.4572452999344692E-003
   4.5806641599999996E-002   1.5257713050546131E-003
   4.7683715820312500E-002   1.5964031162823105E-003
   4.9621827149999999E-002   1.6691453067261552E-003
   5.1622452198437502E-002   1.7439987165978694E-003
   5.3687091200000009E-002   1.8209602558237887E-003
   5.5817268201562506E-002   1.9000227052302036E-003
   5.8014531250000008E-002   1.9811745166919696E-003
   6.0280452579687512E-002   2.0643996126587403E-003
   6.2616628800000018E-002   2.1496771854988546E-003
   6.5024681082812522E-002   2.2369814971273110E-003
   6.7506255350000016E-002   2.3262816794113908E-003
   7.0063022460937527E-002   2.4175415358754018E-003
   7.2696678400000020E-002   2.5107193452546372E-003
   7.5408944464062530E-002   2.6057676674780912E-003
   7.8201567450000037E-002   2.7026331526896282E-003
   8.1076319842187536E-002   2.8012563539483058E-003
   8.4035000000000040E-002   2.9015715442803104E-003
   8.7079432345312471E-002   3.0035065387875202E-003
   9.0211467549999980E-002   3.1069825225511355E-003
   9.3432982723437474E-002   3.2119138851029422E-003
   9.6745881599999986E-002   3.3182080622719047E-003
  0.10015209472656249        3.4257653862495557E-003
  0.10365357964999999        3.5344789447544389E-003
  0.10725232110468749        3.6442344502133806E-003
  0.11095033119999999        3.7549101199158296E-003
  0.11474964960781249        3.8663765681368075E-003
  0.11865234375000000        3.9784967112641853E-003
  0.12266050898593750        4.0911256870071076E-003
  0.12677626880000001        4.2041107888043400E-003
  0.13100177498906251        4.3172914165942305E-003
  0.13533920785000000        4.4304990451517487E-003
  0.13979077636718751        4.5435572112428402E-003
  0.14435871840000003        4.6562815208919563E-003
  0.14904530087031254        4.7684796781052672E-003
  0.15385281995000002        4.8799515364396171E-003
  0.15878360124843754        4.9904891748557920E-003
  0.16384000000000004        5.0998769993441904E-003
  0.16902440125156254        5.2078918718614572E-003
  0.17433922005000005        5.3143032681680887E-003
  0.17978690162968755        5.4188734662094958E-003
  0.18536992160000007        5.5213577667364826E-003
  0.19109078613281258        5.6215047479155544E-003
  0.19695203215000009        5.7190565557350111E-003
  0.20295622751093745        5.8137492320692831E-003
  0.20910597119999996        5.9053130823215859E-003
  0.21540389351406247        5.9934730846235495E-003
  0.22185265624999997        6.0779493426302324E-003
  0.22845495289218748        6.1584575840096280E-003
  0.23521350879999997        6.2347097067876342E-003
  0.24213108139531248        6.3064143757723861E-003
  0.24921046035000000        6.3732776713458289E-003
  0.25645446777343750        6.4350037929755775E-003
  0.26386595839999999        6.4912958198662897E-003
  0.27144781977656252        6.5418565312371701E-003
  0.27920297245000003        6.5863892887806745E-003
  0.28713437015468751        6.6245989839271296E-003
  0.29524500000000004        6.6561930526107330E-003
  0.30353788265781256        6.6808825603043229E-003
  0.31201607255000008        6.6983833601634256E-003
  0.32068265803593754        6.7084173271943041E-003
  0.32954076160000007        6.7107136714362296E-003
  0.33859354003906256        6.7050103332248001E-003
  0.34784418465000011        6.6910554636809890E-003
  0.35729592141718758        6.6686089936496638E-003
  0.36695201120000009        6.6374442943915547E-003
  0.37681574992031264        6.5973499334141877E-003
  0.38689046875000016        6.5481315289099961E-003
  0.39717953429843766        6.4896137063538278E-003
  0.40768634879999993        6.4216421608972842E-003
  0.41841435030156243        6.3440858292838137E-003
  0.42936701284999995        6.2568391750962883E-003
  0.44054784667968744        6.1598245912377831E-003
  0.45196039839999996        6.0529949236366567E-003
  0.46360825118281246        5.9363361202586550E-003
  0.47549502494999996        5.8098700096017048E-003
  0.48762437656093749        5.6736572129433083E-003
  0.50000000000000000        5.5278001947060588E-003
 
  0.40000000000000002        6.4721660710961712E-003
  0.40300000000000002        6.4529597762368329E-003
  0.40600000000000003        6.4330945520096770E-003
  0.40900000000000003        6.4125796617169623E-003
  0.41200000000000003        6.3914243407720145E-003
  0.41500000000000004        6.3696377965987436E-003
  0.41800000000000004        6.3472292085430017E-003
  0.42100000000000004        6.3242077277951845E-003
  0.42400000000000004        6.3005824773235200E-003
  0.42700000000000005        6.2763625518175072E-003
  0.43000000000000005        6.2515570176410037E-003
  0.43300000000000000        6.2261749127944764E-003
  0.43600000000000000        6.2002252468859572E-003
  0.43900000000000000        6.1737170011102764E-003
  0.44200000000000000        6.1466591282361392E-003
  0.44500000000000001        6.1190605526006735E-003
  0.44800000000000001        6.0909301701110525E-003
  0.45100000000000001        6.0622768482528492E-003
  0.45400000000000001        6.0331094261047756E-003
  0.45700000000000002        6.0034367143594752E-003
  0.46000000000000002        5.9732674953500717E-003
  0.46300000000000002        5.9426105230821723E-003
  0.46600000000000003        5.9114745232710401E-003
  0.46900000000000003        5.8798681933836822E-003
  0.47200000000000003        5.8478002026855743E-003
  0.47500000000000003        5.8152791922918071E-003
  0.47800000000000004        5.7823137752224000E-003
  0.48100000000000004        5.7489125364615671E-003
  0.48400000000000004        5.7150840330207325E-003
  0.48699999999999999        5.6808367940050777E-003
  0.48999999999999999        5.6461793206834454E-003
  0.49299999999999999        5.6111200865614072E-003
  0.49600000000000000        5.5756675374573194E-003
  0.49900000000000000        5.5398300915812052E-003
  0.50200000000000000        5.5036161396162979E-003
  0.50500000000000000        5.4670340448031030E-003
  0.50800000000000001        5.4300921430258230E-003
  0.51100000000000001        5.3927987429010105E-003
  0.51400000000000001        5.3551621258683220E-003
  0.51700000000000002        5.3171905462832403E-003
  0.52000000000000002        5.2788922315116435E-003
  0.52300000000000002        5.2402753820261208E-003
  0.52600000000000002        5.2013481715038968E-003
  0.52900000000000003        5.1621187469262902E-003
  0.53200000000000003        5.1225952286795898E-003
  0.53500000000000003        5.0827857106572477E-003
  0.53800000000000003        5.0426982603633177E-003
  0.54100000000000004        5.0023409190170327E-003
  0.54400000000000004        4.9617217016584480E-003
  0.54700000000000004        4.9208485972550651E-003
  0.55000000000000004        4.8797295688093704E-003
  0.55300000000000005        4.8383725534672040E-003
  0.55600000000000005        4.7967854626268956E-003
  0.55900000000000005        4.7549761820491017E-003
  0.56200000000000006        4.7129525719672811E-003
  0.56500000000000006        4.6707224671987489E-003
  0.56800000000000006        4.6282936772562427E-003
  0.57100000000000006        4.5856739864599651E-003
  0.57399999999999995        4.5428711540500344E-003
  0.57699999999999996        4.4998929142992874E-003
  0.57999999999999996        4.4567469766264196E-003
  0.58299999999999996        4.4134410257093762E-003
  0.58599999999999997        4.3699827215989756E-003
  0.58899999999999997        4.3263796998327239E-003
  0.59199999999999997        4.2826395715487619E-003
  0.59499999999999997        4.2387699235999351E-003
  0.59799999999999998        4.1947783186679242E-003
  0.60099999999999998        4.1506722953774181E-003
  0.60399999999999998        4.1064593684102960E-003
  0.60699999999999998        4.0621470286197770E-003
  0.60999999999999999        4.0177427431445159E-003
  0.61299999999999999        3.9732539555226223E-003
  0.61599999999999999        3.9286880858055619E-003
  0.61899999999999999        3.8840525306719246E-003
  0.62200000000000000        3.8393546635410334E-003
  0.62500000000000000        3.7946018346863702E-003
  0.62800000000000000        3.7498013713487969E-003
  0.63100000000000001        3.7049605778495475E-003
  0.63400000000000001        3.6600867357029793E-003
  0.63700000000000001        3.6151871037290563E-003
  0.64000000000000001        3.5702689181655511E-003
  0.64300000000000002        3.5253393927799468E-003
  0.64600000000000002        3.4804057189810251E-003
  0.64900000000000002        3.4354750659301206E-003
  0.65200000000000002        3.3905545806520334E-003
  0.65500000000000003        3.3456513881455793E-003
  0.65800000000000003        3.3007725914937711E-003
  0.66100000000000003        3.2559252719736140E-003
  0.66400000000000003        3.2111164891655058E-003
  0.66700000000000004        3.1663532810622297E-003
  0.67000000000000004        3.1216426641775324E-003
  0.67300000000000004        3.0769916336542717E-003
  0.67600000000000005        3.0324071633721335E-003
  0.67900000000000005        2.9878962060548991E-003
  0.68200000000000005        2.9434656933772642E-003
  0.68500000000000005        2.8991225360711940E-003
  0.68800000000000006        2.8548736240318171E-003
  0.69100000000000006        2.8107258264228382E-003
  0.69400000000000006        2.7666859917814769E-003
  0.69700000000000006        2.7227609481229173E-003
  0.69999999999999996        2.6789575030442708E-003
  0.70299999999999996        2.6352824438280321E-003
  0.70599999999999996        2.5917425375450525E-003
  0.70899999999999996        2.5483445311569922E-003
  0.71199999999999997        2.5050951516182702E-003
  0.71499999999999997        2.4620011059775029E-003
  0.71799999999999997        2.4190690814784237E-003
  0.72099999999999997        2.3763057456602861E-003
  0.72399999999999998        2.3337177464577475E-003
  0.72699999999999998        2.2913117123002226E-003
  0.72999999999999998        2.2490942522107181E-003
  0.73299999999999998        2.2070719559041355E-003
  0.73599999999999999        2.1652513938850457E-003
  0.73899999999999999        2.1236391175449309E-003
  0.74199999999999999        2.0822416592588982E-003
  0.74500000000000000        2.0410655324818549E-003
  0.74800000000000000        2.0001172318441546E-003
  0.75100000000000000        1.9594032332467043E-003
  0.75400000000000000        1.9189299939555394E-003
  0.75700000000000001        1.8787039526958634E-003
  0.76000000000000001        1.8387315297455499E-003
  0.76300000000000001        1.7990191270281100E-003
  0.76600000000000001        1.7595731282051266E-003
  0.76900000000000002        1.7203998987681502E-003
  0.77200000000000002        1.6815057861300636E-003
  0.77500000000000002        1.6428971197159114E-003
  0.77800000000000002        1.6045802110531951E-003
  0.78100000000000003        1.5665613538616396E-003
  0.78400000000000003        1.5288468241424250E-003
  0.78700000000000003        1.4914428802668901E-003
  0.79000000000000004        1.4543557630647070E-003
  0.79300000000000004        1.4175916959115274E-003
  0.79600000000000004        1.3811568848161033E-003
  0.79900000000000004        1.3450575185068826E-003
  0.80200000000000005        1.3092997685180820E-003
  0.80500000000000005        1.2738897892752370E-003
  0.80800000000000005        1.2388337181802346E-003
  0.81100000000000005        1.2041376756958251E-003
  0.81400000000000006        1.1698077654296200E-003
  0.81700000000000006        1.1358500742175736E-003
  0.82000000000000006        1.1022706722069546E-003
  0.82299999999999995        1.0690756129388065E-003
  0.82599999999999996        1.0362709334298958E-003
  0.82899999999999996        1.0038626542541638E-003
  0.83199999999999996        9.7185677962366500E-004
  0.83499999999999996        9.4025929746900888E-004
  0.83799999999999997        9.0907617951930088E-004
  0.84099999999999997        8.7831338138158683E-004
  0.84399999999999997        8.4797684261980288E-004
  0.84699999999999998        8.1807248683323300E-004
  0.84999999999999998        7.8860622173447677E-004
  0.85299999999999998        7.5958393922692994E-004
  0.85599999999999998        7.3101151548178025E-004
  0.85899999999999999        7.0289481101452086E-004
  0.86199999999999999        6.7523967076098365E-004
  0.86499999999999999        6.4805192415289643E-004
  0.86799999999999999        6.2133738519296457E-004
  0.87100000000000000        5.9510185252948094E-004
  0.87400000000000000        5.6935110953046668E-004
  0.87700000000000000        5.4409092435734523E-004
  0.88000000000000000        5.1932705003815199E-004
  0.88300000000000001        4.9506522454028355E-004
  0.88600000000000001        4.7131117084278683E-004
  0.88900000000000001        4.4807059700819354E-004
  0.89200000000000002        4.2534919625390082E-004
  0.89500000000000002        4.0315264702310116E-004
  0.89800000000000002        3.8148661305526486E-004
  0.90100000000000002        3.6035674345617720E-004
  0.90400000000000003        3.3976867276753320E-004
  0.90700000000000003        3.1972802103609292E-004
  0.91000000000000003        3.0024039388239974E-004
  0.91300000000000003        2.8131138256906439E-004
  0.91600000000000004        2.6294656406861778E-004
  0.91900000000000004        2.4515150113093513E-004
  0.92200000000000004        2.2793174235023381E-004
  0.92500000000000004        2.1129282223164873E-004
  0.92800000000000005        1.9524026125738647E-004
  0.93100000000000005        1.7977956595246233E-004
  0.93400000000000005        1.6491622895002184E-004
  0.93700000000000006        1.5065572905625062E-004
  0.94000000000000006        1.3700353131487417E-004
  0.94300000000000006        1.2396508707125122E-004
  0.94600000000000006        1.1154583403606264E-004
  0.94900000000000007        9.9751196348599368E-005
  0.95200000000000007        8.8586584639651153E-005
  0.95500000000000007        7.8057396093999696E-005
  0.95800000000000007        6.8169014512518185E-005
  0.96100000000000008        5.8926810373880289E-005
  0.96400000000000008        5.0336140895881131E-005
  0.96700000000000008        4.2402350096372890E-005
  0.97000000000000008        3.5130768853817734E-005
  0.97300000000000009        2.8526714967460647E-005
  0.97599999999999998        2.2595493217125053E-005
  0.97899999999999998        1.7342395422632525E-005
  0.98199999999999998        1.2772700502852446E-005
  0.98499999999999999        8.8916745343797919E-006
  0.98799999999999999        5.7045708098470032E-006
  0.99099999999999999        3.2166298958711174E-006
  0.99399999999999999        1.4330796906389645E-006
  0.99700000000000000        3.5913548113295478E-007
   1.0000000000000000        0.0000000000000000     
 
