           1           1   0.0000000000000000     
           1           1  0.95635249979003700     
           1           1   1.0000000000000000     
           1           2  0.95635249979003700     
           1           2   1.0000000000000000     
           2           1  0.95635249979003700     
           2           1   1.0000000000000000     
           2           2   0.0000000000000000     
           2           2  0.16666666666666663     
           2           2  0.25000000000000000     
           2           2  0.50000000000000000     
           2           2  0.75000000000000000     
           2           2   1.0000000000000000     
