           3          36    5.3412822911158706        16.471024497802649           13.022341387065135     
           4          70    0.66726901867504451        16.741200150188273        2.8865482024959745     
           5         112   6.4322707382374847E-002   16.754805245702975       0.46067045306215670     
           6         162   4.5123745287200473E-003   16.755155369353869        5.7031612511342394E-002
           7         220   3.4679852838557997E-004   16.755160763708446        5.7520945355502423E-003
           8         286   2.1382571601341989E-005   16.755160818745736        4.8849619882969115E-004
           9         360   1.2998733571804829E-006   16.755160819138386        6.5445755943663265E-005
          10         442   6.0301901368587861E-008   16.755160819151961        6.1796326650892955E-005
          11         532   5.0239516125087686E-009   16.755160819144287        2.7590084337739922E-005
          12         630   1.3984057155519777E-008   16.755160819149964        5.1255615954633350E-005



           3          36   5.3412822911160696        16.471024497799046        13.022341387147687     
           4          70  0.66726901867492516        16.741200150190302        2.8865482022862552     
           5         112   6.4322707382626701E-002   16.754805245708312       0.46067044960546066     
           6         162   4.5123745283555273E-003   16.755155369355169        5.7031605707612371E-002
           7         220   3.4679852798792188E-004   16.755160763709608        5.7520342649350058E-003
           8         286   2.1382571369374763E-005   16.755160818743704        4.8973603889196121E-004

