 PATCH_COLUMN:            1
   0.0000000000000000     
   0.0000000000000000     
   0.0000000000000000     
   0.0000000000000000     
   0.0000000000000000     
   0.0000000000000000     
  0.16666666666666666     
  0.33333333333333331     
  0.50000000000000000     
  0.66666666666666663     
  0.83333333333333337     
   1.0000000000000000     
   1.0000000000000000     
   1.0000000000000000     
   1.0000000000000000     
   1.0000000000000000     
   1.0000000000000000     
 PATCH_COLUMN:            2
   0.0000000000000000     
   0.0000000000000000     
   0.0000000000000000     
   0.0000000000000000     
   0.0000000000000000     
   0.0000000000000000     
  0.16666666666666666     
  0.33333333333333331     
  0.50000000000000000     
  0.66666666666666663     
  0.83333333333333337     
   1.0000000000000000     
   1.0000000000000000     
   1.0000000000000000     
   1.0000000000000000     
   1.0000000000000000     
   1.0000000000000000     
 PATCH_COLUMN:            3
   0.0000000000000000     
   0.0000000000000000     
   0.0000000000000000     
   0.0000000000000000     
   0.0000000000000000     
   0.0000000000000000     
  0.16666666666666666     
  0.33333333333333331     
  0.50000000000000000     
  0.66666666666666663     
  0.83333333333333337     
   1.0000000000000000     
   1.0000000000000000     
   1.0000000000000000     
   1.0000000000000000     
   1.0000000000000000     
   1.0000000000000000     
