   2.2057128916238317E-002
   2.5954371283564440E-002
   3.6078632134184975E-002
   2.6023566470385201E-002
   4.7781034154943669E-002
   5.3571482818015707E-002
   7.6128390891237366E-002
   5.3692844202869447E-002
   5.3618344530839794E-002
   5.6931026471000457E-002
   8.2988292292346458E-002
   5.7024273145498058E-002
   1.9439067522024171E-002
   1.9817150747822514E-002
   2.9454024616162946E-002
   1.9835446423885253E-002
   3.3484859965045213E-003
   3.3609525704537367E-003
   5.0327530584190891E-003
   3.3622879456089157E-003
   1.2617914328297616E-002
   3.0767984498377480E-002
   3.2582293422659281E-002
   3.0878181097421759E-002
   3.5806240254086283E-002
   7.3905498147789128E-002
   8.2501853890154395E-002
   7.4186617337810262E-002
   6.6186833280205068E-002
  0.10877902882201770     
  0.13164646670187660     
  0.10918698062235020     
   4.9475046543154322E-002
   6.8031855298667968E-002
   8.8385623061019117E-002
   6.8263231903433683E-002
   2.1115812109393017E-002
   2.6609364605029669E-002
   3.5881688876200142E-002
   2.6690957560956904E-002
   4.2215174095827884E-004
   1.9245547334023646E-003
   5.7958085354378585E-003
   5.4645986448048599E-003
   4.2215174095827873E-004
   5.4507616917978249E-003
   1.6404944317543465E-002
   5.4507616917978292E-003
   3.1249838745261023E-004
   3.8026215013709287E-003
   1.1284155973182705E-002
   3.8026215013709313E-003
   3.1249838745261012E-004
   3.7938642420090882E-003
   1.1340347711002341E-002
   3.7938642420090912E-003
   2.8783827974150042E-004
   3.1202479116707767E-003
   9.1425373205736172E-003
   3.1202479116707793E-003
   2.8783827974150026E-004
   3.1143689629336471E-003
   9.1882318985527494E-003
   3.1143689629336497E-003
   5.2503611925902455E-005
   5.0969656819854401E-004
   1.4751454734683986E-003
   5.0969656819854433E-004
   5.2503611925902448E-005
   5.0892942484578429E-004
   1.4825399207887798E-003
   5.0892942484578472E-004
   0.0000000000000000     
   0.0000000000000000     
   0.0000000000000000     
   0.0000000000000000     
   0.0000000000000000     
   0.0000000000000000     
   0.0000000000000000     
   0.0000000000000000     
