   2.2028458582705190E-002
   2.5917045087977483E-002
   3.6002696106009695E-002
   2.5917045087977476E-002
   4.7678028942439193E-002
   5.3464901698768677E-002
   7.5924930467166432E-002
   5.3464901698768663E-002
   5.3454301965693160E-002
   5.6776816610495648E-002
   8.2714179704950694E-002
   5.6776816610495627E-002
   1.9367240308100539E-002
   1.9750246133185212E-002
   2.9343060119382643E-002
   1.9750246133185202E-002
   3.3353294951839678E-003
   3.3483207497927601E-003
   5.0129091619614610E-003
   3.3483207497927592E-003
   1.2831492634936759E-002
   3.0869763970649708E-002
   3.2779302192908831E-002
   3.0869763970649694E-002
   3.6245391033525032E-002
   7.4101256069223922E-002
   8.2873398792151998E-002
   7.4101256069223881E-002
   6.6587841208548035E-002
  0.10892657432888700     
  0.13190270472481300     
  0.10892657432888694     
   4.9566066559302402E-002
   6.8033692615673422E-002
   8.8366680797290625E-002
   6.8033692615673394E-002
   2.1116038836226411E-002
   2.6589447017619873E-002
   3.5835688076967132E-002
   2.6589447017619863E-002
   3.0300980700389212E-004
   0.0000000000000000     
   0.0000000000000000     
   3.6000785054261207E-003
   3.0300980700389201E-004
   3.6000785054261168E-003
   1.0758576175230407E-002
   3.6000785054261198E-003
   2.2767241755974077E-004
   2.5974937642794741E-003
   7.7265597162557821E-003
   2.5974937642794754E-003
   2.2767241755974066E-004
   2.5974937642794724E-003
   7.7265597162557795E-003
   2.5974937642794745E-003
   3.7176429225529046E-004
   3.7363691484151949E-003
   1.0952524693229108E-002
   3.7363691484151979E-003
   3.7176429225529040E-004
   3.7363691484151936E-003
   1.0952524693229104E-002
   3.7363691484151962E-003
   1.8022908953634387E-004
   1.6283277096950462E-003
   4.7125396799459164E-003
   1.6283277096950472E-003
   1.8022908953634382E-004
   1.6283277096950455E-003
   4.7125396799459146E-003
   1.6283277096950468E-003
   2.0020901552138399E-005
   1.6777119110877056E-004
   4.8110816863220944E-004
   1.6777119110877070E-004
   2.0020901552138389E-005
   1.6777119110877051E-004
   4.8110816863220927E-004
   1.6777119110877064E-004
