   0.0000000000000000       0.49900000000000000     
   8.3333333333333329E-002  0.49900000000000000     
   8.3333333333333329E-002  0.50000000000000000     
   0.0000000000000000       0.50000000000000000     
   0.0000000000000000       0.49900000000000000     

   8.3333333333333329E-002  0.49900000000000000     
  0.16666666666666666       0.49900000000000000     
  0.16666666666666666       0.50000000000000000     
   8.3333333333333329E-002  0.50000000000000000     
   8.3333333333333329E-002  0.49900000000000000     

  0.16666666666666666       0.49900000000000000     
  0.25000000000000000       0.49900000000000000     
  0.25000000000000000       0.50000000000000000     
  0.16666666666666666       0.50000000000000000     
  0.16666666666666666       0.49900000000000000     

  0.25000000000000000       0.49900000000000000     
  0.33333333333333331       0.49900000000000000     
  0.33333333333333331       0.50000000000000000     
  0.25000000000000000       0.50000000000000000     
  0.25000000000000000       0.49900000000000000     

  0.33333333333333331       0.49900000000000000     
  0.41666666666666669       0.49900000000000000     
  0.41666666666666669       0.50000000000000000     
  0.33333333333333331       0.50000000000000000     
  0.33333333333333331       0.49900000000000000     

  0.41666666666666669       0.49900000000000000     
  0.50000000000000000       0.49900000000000000     
  0.50000000000000000       0.50000000000000000     
  0.41666666666666669       0.50000000000000000     
  0.41666666666666669       0.49900000000000000     

  0.50000000000000000       0.49900000000000000     
  0.58333333333333337       0.49900000000000000     
  0.58333333333333337       0.50000000000000000     
  0.50000000000000000       0.50000000000000000     
  0.50000000000000000       0.49900000000000000     

  0.58333333333333337       0.49900000000000000     
  0.66666666666666663       0.49900000000000000     
  0.66666666666666663       0.50000000000000000     
  0.58333333333333337       0.50000000000000000     
  0.58333333333333337       0.49900000000000000     

  0.66666666666666663       0.49900000000000000     
  0.75000000000000000       0.49900000000000000     
  0.75000000000000000       0.50000000000000000     
  0.66666666666666663       0.50000000000000000     
  0.66666666666666663       0.49900000000000000     

  0.75000000000000000       0.49900000000000000     
  0.83333333333333326       0.49900000000000000     
  0.83333333333333326       0.50000000000000000     
  0.75000000000000000       0.50000000000000000     
  0.75000000000000000       0.49900000000000000     

  0.83333333333333326       0.49900000000000000     
  0.91666666666666674       0.49900000000000000     
  0.91666666666666674       0.50000000000000000     
  0.83333333333333326       0.50000000000000000     
  0.83333333333333326       0.49900000000000000     

  0.91666666666666674       0.49900000000000000     
   1.0000000000000000       0.49900000000000000     
   1.0000000000000000       0.50000000000000000     
  0.91666666666666674       0.50000000000000000     
  0.91666666666666674       0.49900000000000000     

   0.0000000000000000       0.50000000000000000     
   8.3333333333333329E-002  0.50000000000000000     
   8.3333333333333329E-002  0.50100000000000000     
   0.0000000000000000       0.50100000000000000     
   0.0000000000000000       0.50000000000000000     

   8.3333333333333329E-002  0.50000000000000000     
  0.16666666666666666       0.50000000000000000     
  0.16666666666666666       0.50100000000000000     
   8.3333333333333329E-002  0.50100000000000000     
   8.3333333333333329E-002  0.50000000000000000     

  0.16666666666666666       0.50000000000000000     
  0.25000000000000000       0.50000000000000000     
  0.25000000000000000       0.50100000000000000     
  0.16666666666666666       0.50100000000000000     
  0.16666666666666666       0.50000000000000000     

  0.25000000000000000       0.50000000000000000     
  0.33333333333333331       0.50000000000000000     
  0.33333333333333331       0.50100000000000000     
  0.25000000000000000       0.50100000000000000     
  0.25000000000000000       0.50000000000000000     

  0.33333333333333331       0.50000000000000000     
  0.41666666666666669       0.50000000000000000     
  0.41666666666666669       0.50100000000000000     
  0.33333333333333331       0.50100000000000000     
  0.33333333333333331       0.50000000000000000     

  0.41666666666666669       0.50000000000000000     
  0.50000000000000000       0.50000000000000000     
  0.50000000000000000       0.50100000000000000     
  0.41666666666666669       0.50100000000000000     
  0.41666666666666669       0.50000000000000000     

  0.50000000000000000       0.50000000000000000     
  0.58333333333333337       0.50000000000000000     
  0.58333333333333337       0.50100000000000000     
  0.50000000000000000       0.50100000000000000     
  0.50000000000000000       0.50000000000000000     

  0.58333333333333337       0.50000000000000000     
  0.66666666666666663       0.50000000000000000     
  0.66666666666666663       0.50100000000000000     
  0.58333333333333337       0.50100000000000000     
  0.58333333333333337       0.50000000000000000     

  0.66666666666666663       0.50000000000000000     
  0.75000000000000000       0.50000000000000000     
  0.75000000000000000       0.50100000000000000     
  0.66666666666666663       0.50100000000000000     
  0.66666666666666663       0.50000000000000000     

  0.75000000000000000       0.50000000000000000     
  0.83333333333333326       0.50000000000000000     
  0.83333333333333326       0.50100000000000000     
  0.75000000000000000       0.50100000000000000     
  0.75000000000000000       0.50000000000000000     

  0.83333333333333326       0.50000000000000000     
  0.91666666666666674       0.50000000000000000     
  0.91666666666666674       0.50100000000000000     
  0.83333333333333326       0.50100000000000000     
  0.83333333333333326       0.50000000000000000     

  0.91666666666666674       0.50000000000000000     
   1.0000000000000000       0.50000000000000000     
   1.0000000000000000       0.50100000000000000     
  0.91666666666666674       0.50100000000000000     
  0.91666666666666674       0.50000000000000000     

   0.0000000000000000       0.50100000000000000     
   8.3333333333333329E-002  0.50100000000000000     
   8.3333333333333329E-002  0.58250000000000002     
   0.0000000000000000       0.58250000000000002     
   0.0000000000000000       0.50100000000000000     

   8.3333333333333329E-002  0.50100000000000000     
  0.16666666666666666       0.50100000000000000     
  0.16666666666666666       0.58250000000000002     
   8.3333333333333329E-002  0.58250000000000002     
   8.3333333333333329E-002  0.50100000000000000     

  0.16666666666666666       0.50100000000000000     
  0.25000000000000000       0.50100000000000000     
  0.25000000000000000       0.58250000000000002     
  0.16666666666666666       0.58250000000000002     
  0.16666666666666666       0.50100000000000000     

  0.25000000000000000       0.50100000000000000     
  0.33333333333333331       0.50100000000000000     
  0.33333333333333331       0.58250000000000002     
  0.25000000000000000       0.58250000000000002     
  0.25000000000000000       0.50100000000000000     

  0.33333333333333331       0.50100000000000000     
  0.41666666666666669       0.50100000000000000     
  0.41666666666666669       0.58250000000000002     
  0.33333333333333331       0.58250000000000002     
  0.33333333333333331       0.50100000000000000     

  0.41666666666666669       0.50100000000000000     
  0.50000000000000000       0.50100000000000000     
  0.50000000000000000       0.58250000000000002     
  0.41666666666666669       0.58250000000000002     
  0.41666666666666669       0.50100000000000000     

  0.50000000000000000       0.50100000000000000     
  0.58333333333333337       0.50100000000000000     
  0.58333333333333337       0.58250000000000002     
  0.50000000000000000       0.58250000000000002     
  0.50000000000000000       0.50100000000000000     

  0.58333333333333337       0.50100000000000000     
  0.66666666666666663       0.50100000000000000     
  0.66666666666666663       0.58250000000000002     
  0.58333333333333337       0.58250000000000002     
  0.58333333333333337       0.50100000000000000     

  0.66666666666666663       0.50100000000000000     
  0.75000000000000000       0.50100000000000000     
  0.75000000000000000       0.58250000000000002     
  0.66666666666666663       0.58250000000000002     
  0.66666666666666663       0.50100000000000000     

  0.75000000000000000       0.50100000000000000     
  0.83333333333333326       0.50100000000000000     
  0.83333333333333326       0.58250000000000002     
  0.75000000000000000       0.58250000000000002     
  0.75000000000000000       0.50100000000000000     

  0.83333333333333326       0.50100000000000000     
  0.91666666666666674       0.50100000000000000     
  0.91666666666666674       0.58250000000000002     
  0.83333333333333326       0.58250000000000002     
  0.83333333333333326       0.50100000000000000     

  0.91666666666666674       0.50100000000000000     
   1.0000000000000000       0.50100000000000000     
   1.0000000000000000       0.58250000000000002     
  0.91666666666666674       0.58250000000000002     
  0.91666666666666674       0.50100000000000000     

   0.0000000000000000       0.58250000000000002     
   8.3333333333333329E-002  0.58250000000000002     
   8.3333333333333329E-002  0.66599999999999993     
   0.0000000000000000       0.66599999999999993     
   0.0000000000000000       0.58250000000000002     

   8.3333333333333329E-002  0.58250000000000002     
  0.16666666666666666       0.58250000000000002     
  0.16666666666666666       0.66599999999999993     
   8.3333333333333329E-002  0.66599999999999993     
   8.3333333333333329E-002  0.58250000000000002     

  0.16666666666666666       0.58250000000000002     
  0.25000000000000000       0.58250000000000002     
  0.25000000000000000       0.66599999999999993     
  0.16666666666666666       0.66599999999999993     
  0.16666666666666666       0.58250000000000002     

  0.25000000000000000       0.58250000000000002     
  0.33333333333333331       0.58250000000000002     
  0.33333333333333331       0.66599999999999993     
  0.25000000000000000       0.66599999999999993     
  0.25000000000000000       0.58250000000000002     

  0.33333333333333331       0.58250000000000002     
  0.41666666666666669       0.58250000000000002     
  0.41666666666666669       0.66599999999999993     
  0.33333333333333331       0.66599999999999993     
  0.33333333333333331       0.58250000000000002     

  0.41666666666666669       0.58250000000000002     
  0.50000000000000000       0.58250000000000002     
  0.50000000000000000       0.66599999999999993     
  0.41666666666666669       0.66599999999999993     
  0.41666666666666669       0.58250000000000002     

  0.50000000000000000       0.58250000000000002     
  0.58333333333333337       0.58250000000000002     
  0.58333333333333337       0.66599999999999993     
  0.50000000000000000       0.66599999999999993     
  0.50000000000000000       0.58250000000000002     

  0.58333333333333337       0.58250000000000002     
  0.66666666666666663       0.58250000000000002     
  0.66666666666666663       0.66599999999999993     
  0.58333333333333337       0.66599999999999993     
  0.58333333333333337       0.58250000000000002     

  0.66666666666666663       0.58250000000000002     
  0.75000000000000000       0.58250000000000002     
  0.75000000000000000       0.66599999999999993     
  0.66666666666666663       0.66599999999999993     
  0.66666666666666663       0.58250000000000002     

  0.75000000000000000       0.58250000000000002     
  0.83333333333333326       0.58250000000000002     
  0.83333333333333326       0.66599999999999993     
  0.75000000000000000       0.66599999999999993     
  0.75000000000000000       0.58250000000000002     

  0.83333333333333326       0.58250000000000002     
  0.91666666666666674       0.58250000000000002     
  0.91666666666666674       0.66599999999999993     
  0.83333333333333326       0.66599999999999993     
  0.83333333333333326       0.58250000000000002     

  0.91666666666666674       0.58250000000000002     
   1.0000000000000000       0.58250000000000002     
   1.0000000000000000       0.66599999999999993     
  0.91666666666666674       0.66599999999999993     
  0.91666666666666674       0.58250000000000002     

   0.0000000000000000       0.66599999999999993     
   8.3333333333333329E-002  0.66599999999999993     
   8.3333333333333329E-002  0.74950000000000006     
   0.0000000000000000       0.74950000000000006     
   0.0000000000000000       0.66599999999999993     

   8.3333333333333329E-002  0.66599999999999993     
  0.16666666666666666       0.66599999999999993     
  0.16666666666666666       0.74950000000000006     
   8.3333333333333329E-002  0.74950000000000006     
   8.3333333333333329E-002  0.66599999999999993     

  0.16666666666666666       0.66599999999999993     
  0.25000000000000000       0.66599999999999993     
  0.25000000000000000       0.74950000000000006     
  0.16666666666666666       0.74950000000000006     
  0.16666666666666666       0.66599999999999993     

  0.25000000000000000       0.66599999999999993     
  0.33333333333333331       0.66599999999999993     
  0.33333333333333331       0.74950000000000006     
  0.25000000000000000       0.74950000000000006     
  0.25000000000000000       0.66599999999999993     

  0.33333333333333331       0.66599999999999993     
  0.41666666666666669       0.66599999999999993     
  0.41666666666666669       0.74950000000000006     
  0.33333333333333331       0.74950000000000006     
  0.33333333333333331       0.66599999999999993     

  0.41666666666666669       0.66599999999999993     
  0.50000000000000000       0.66599999999999993     
  0.50000000000000000       0.74950000000000006     
  0.41666666666666669       0.74950000000000006     
  0.41666666666666669       0.66599999999999993     

  0.50000000000000000       0.66599999999999993     
  0.58333333333333337       0.66599999999999993     
  0.58333333333333337       0.74950000000000006     
  0.50000000000000000       0.74950000000000006     
  0.50000000000000000       0.66599999999999993     

  0.58333333333333337       0.66599999999999993     
  0.66666666666666663       0.66599999999999993     
  0.66666666666666663       0.74950000000000006     
  0.58333333333333337       0.74950000000000006     
  0.58333333333333337       0.66599999999999993     

  0.66666666666666663       0.66599999999999993     
  0.75000000000000000       0.66599999999999993     
  0.75000000000000000       0.74950000000000006     
  0.66666666666666663       0.74950000000000006     
  0.66666666666666663       0.66599999999999993     

  0.75000000000000000       0.66599999999999993     
  0.83333333333333326       0.66599999999999993     
  0.83333333333333326       0.74950000000000006     
  0.75000000000000000       0.74950000000000006     
  0.75000000000000000       0.66599999999999993     

  0.83333333333333326       0.66599999999999993     
  0.91666666666666674       0.66599999999999993     
  0.91666666666666674       0.74950000000000006     
  0.83333333333333326       0.74950000000000006     
  0.83333333333333326       0.66599999999999993     

  0.91666666666666674       0.66599999999999993     
   1.0000000000000000       0.66599999999999993     
   1.0000000000000000       0.74950000000000006     
  0.91666666666666674       0.74950000000000006     
  0.91666666666666674       0.66599999999999993     

   0.0000000000000000       0.74950000000000006     
   8.3333333333333329E-002  0.74950000000000006     
   8.3333333333333329E-002  0.83299999999999996     
   0.0000000000000000       0.83299999999999996     
   0.0000000000000000       0.74950000000000006     

   8.3333333333333329E-002  0.74950000000000006     
  0.16666666666666666       0.74950000000000006     
  0.16666666666666666       0.83299999999999996     
   8.3333333333333329E-002  0.83299999999999996     
   8.3333333333333329E-002  0.74950000000000006     

  0.16666666666666666       0.74950000000000006     
  0.25000000000000000       0.74950000000000006     
  0.25000000000000000       0.83299999999999996     
  0.16666666666666666       0.83299999999999996     
  0.16666666666666666       0.74950000000000006     

  0.25000000000000000       0.74950000000000006     
  0.33333333333333331       0.74950000000000006     
  0.33333333333333331       0.83299999999999996     
  0.25000000000000000       0.83299999999999996     
  0.25000000000000000       0.74950000000000006     

  0.33333333333333331       0.74950000000000006     
  0.41666666666666669       0.74950000000000006     
  0.41666666666666669       0.83299999999999996     
  0.33333333333333331       0.83299999999999996     
  0.33333333333333331       0.74950000000000006     

  0.41666666666666669       0.74950000000000006     
  0.50000000000000000       0.74950000000000006     
  0.50000000000000000       0.83299999999999996     
  0.41666666666666669       0.83299999999999996     
  0.41666666666666669       0.74950000000000006     

  0.50000000000000000       0.74950000000000006     
  0.58333333333333337       0.74950000000000006     
  0.58333333333333337       0.83299999999999996     
  0.50000000000000000       0.83299999999999996     
  0.50000000000000000       0.74950000000000006     

  0.58333333333333337       0.74950000000000006     
  0.66666666666666663       0.74950000000000006     
  0.66666666666666663       0.83299999999999996     
  0.58333333333333337       0.83299999999999996     
  0.58333333333333337       0.74950000000000006     

  0.66666666666666663       0.74950000000000006     
  0.75000000000000000       0.74950000000000006     
  0.75000000000000000       0.83299999999999996     
  0.66666666666666663       0.83299999999999996     
  0.66666666666666663       0.74950000000000006     

  0.75000000000000000       0.74950000000000006     
  0.83333333333333326       0.74950000000000006     
  0.83333333333333326       0.83299999999999996     
  0.75000000000000000       0.83299999999999996     
  0.75000000000000000       0.74950000000000006     

  0.83333333333333326       0.74950000000000006     
  0.91666666666666674       0.74950000000000006     
  0.91666666666666674       0.83299999999999996     
  0.83333333333333326       0.83299999999999996     
  0.83333333333333326       0.74950000000000006     

  0.91666666666666674       0.74950000000000006     
   1.0000000000000000       0.74950000000000006     
   1.0000000000000000       0.83299999999999996     
  0.91666666666666674       0.83299999999999996     
  0.91666666666666674       0.74950000000000006     

   0.0000000000000000       0.83299999999999996     
   8.3333333333333329E-002  0.83299999999999996     
   8.3333333333333329E-002  0.91650000000000009     
   0.0000000000000000       0.91650000000000009     
   0.0000000000000000       0.83299999999999996     

   8.3333333333333329E-002  0.83299999999999996     
  0.16666666666666666       0.83299999999999996     
  0.16666666666666666       0.91650000000000009     
   8.3333333333333329E-002  0.91650000000000009     
   8.3333333333333329E-002  0.83299999999999996     

  0.16666666666666666       0.83299999999999996     
  0.25000000000000000       0.83299999999999996     
  0.25000000000000000       0.91650000000000009     
  0.16666666666666666       0.91650000000000009     
  0.16666666666666666       0.83299999999999996     

  0.25000000000000000       0.83299999999999996     
  0.33333333333333331       0.83299999999999996     
  0.33333333333333331       0.91650000000000009     
  0.25000000000000000       0.91650000000000009     
  0.25000000000000000       0.83299999999999996     

  0.33333333333333331       0.83299999999999996     
  0.41666666666666669       0.83299999999999996     
  0.41666666666666669       0.91650000000000009     
  0.33333333333333331       0.91650000000000009     
  0.33333333333333331       0.83299999999999996     

  0.41666666666666669       0.83299999999999996     
  0.50000000000000000       0.83299999999999996     
  0.50000000000000000       0.91650000000000009     
  0.41666666666666669       0.91650000000000009     
  0.41666666666666669       0.83299999999999996     

  0.50000000000000000       0.83299999999999996     
  0.58333333333333337       0.83299999999999996     
  0.58333333333333337       0.91650000000000009     
  0.50000000000000000       0.91650000000000009     
  0.50000000000000000       0.83299999999999996     

  0.58333333333333337       0.83299999999999996     
  0.66666666666666663       0.83299999999999996     
  0.66666666666666663       0.91650000000000009     
  0.58333333333333337       0.91650000000000009     
  0.58333333333333337       0.83299999999999996     

  0.66666666666666663       0.83299999999999996     
  0.75000000000000000       0.83299999999999996     
  0.75000000000000000       0.91650000000000009     
  0.66666666666666663       0.91650000000000009     
  0.66666666666666663       0.83299999999999996     

  0.75000000000000000       0.83299999999999996     
  0.83333333333333326       0.83299999999999996     
  0.83333333333333326       0.91650000000000009     
  0.75000000000000000       0.91650000000000009     
  0.75000000000000000       0.83299999999999996     

  0.83333333333333326       0.83299999999999996     
  0.91666666666666674       0.83299999999999996     
  0.91666666666666674       0.91650000000000009     
  0.83333333333333326       0.91650000000000009     
  0.83333333333333326       0.83299999999999996     

  0.91666666666666674       0.83299999999999996     
   1.0000000000000000       0.83299999999999996     
   1.0000000000000000       0.91650000000000009     
  0.91666666666666674       0.91650000000000009     
  0.91666666666666674       0.83299999999999996     

   0.0000000000000000       0.91650000000000009     
   8.3333333333333329E-002  0.91650000000000009     
   8.3333333333333329E-002   1.0000000000000000     
   0.0000000000000000        1.0000000000000000     
   0.0000000000000000       0.91650000000000009     

   8.3333333333333329E-002  0.91650000000000009     
  0.16666666666666666       0.91650000000000009     
  0.16666666666666666        1.0000000000000000     
   8.3333333333333329E-002   1.0000000000000000     
   8.3333333333333329E-002  0.91650000000000009     

  0.16666666666666666       0.91650000000000009     
  0.25000000000000000       0.91650000000000009     
  0.25000000000000000        1.0000000000000000     
  0.16666666666666666        1.0000000000000000     
  0.16666666666666666       0.91650000000000009     

  0.25000000000000000       0.91650000000000009     
  0.33333333333333331       0.91650000000000009     
  0.33333333333333331        1.0000000000000000     
  0.25000000000000000        1.0000000000000000     
  0.25000000000000000       0.91650000000000009     

  0.33333333333333331       0.91650000000000009     
  0.41666666666666669       0.91650000000000009     
  0.41666666666666669        1.0000000000000000     
  0.33333333333333331        1.0000000000000000     
  0.33333333333333331       0.91650000000000009     

  0.41666666666666669       0.91650000000000009     
  0.50000000000000000       0.91650000000000009     
  0.50000000000000000        1.0000000000000000     
  0.41666666666666669        1.0000000000000000     
  0.41666666666666669       0.91650000000000009     

  0.50000000000000000       0.91650000000000009     
  0.58333333333333337       0.91650000000000009     
  0.58333333333333337        1.0000000000000000     
  0.50000000000000000        1.0000000000000000     
  0.50000000000000000       0.91650000000000009     

  0.58333333333333337       0.91650000000000009     
  0.66666666666666663       0.91650000000000009     
  0.66666666666666663        1.0000000000000000     
  0.58333333333333337        1.0000000000000000     
  0.58333333333333337       0.91650000000000009     

  0.66666666666666663       0.91650000000000009     
  0.75000000000000000       0.91650000000000009     
  0.75000000000000000        1.0000000000000000     
  0.66666666666666663        1.0000000000000000     
  0.66666666666666663       0.91650000000000009     

  0.75000000000000000       0.91650000000000009     
  0.83333333333333326       0.91650000000000009     
  0.83333333333333326        1.0000000000000000     
  0.75000000000000000        1.0000000000000000     
  0.75000000000000000       0.91650000000000009     

  0.83333333333333326       0.91650000000000009     
  0.91666666666666674       0.91650000000000009     
  0.91666666666666674        1.0000000000000000     
  0.83333333333333326        1.0000000000000000     
  0.83333333333333326       0.91650000000000009     

  0.91666666666666674       0.91650000000000009     
   1.0000000000000000       0.91650000000000009     
   1.0000000000000000        1.0000000000000000     
  0.91666666666666674        1.0000000000000000     
  0.91666666666666674       0.91650000000000009     

   0.0000000000000000        3.0000000000000001E-003
   8.3333333333333329E-002   3.0000000000000001E-003
   8.3333333333333329E-002   3.3333333333333331E-003
   0.0000000000000000        3.3333333333333331E-003
   0.0000000000000000        3.0000000000000001E-003

   8.3333333333333329E-002   3.0000000000000001E-003
  0.16666666666666666        3.0000000000000001E-003
  0.16666666666666666        3.3333333333333331E-003
   8.3333333333333329E-002   3.3333333333333331E-003
   8.3333333333333329E-002   3.0000000000000001E-003

  0.16666666666666666        3.0000000000000001E-003
  0.25000000000000000        3.0000000000000001E-003
  0.25000000000000000        3.3333333333333331E-003
  0.16666666666666666        3.3333333333333331E-003
  0.16666666666666666        3.0000000000000001E-003

  0.25000000000000000        3.0000000000000001E-003
  0.33333333333333331        3.0000000000000001E-003
  0.33333333333333331        3.3333333333333331E-003
  0.25000000000000000        3.3333333333333331E-003
  0.25000000000000000        3.0000000000000001E-003

  0.33333333333333331        3.0000000000000001E-003
  0.41666666666666669        3.0000000000000001E-003
  0.41666666666666669        3.3333333333333331E-003
  0.33333333333333331        3.3333333333333331E-003
  0.33333333333333331        3.0000000000000001E-003

  0.41666666666666669        3.0000000000000001E-003
  0.50000000000000000        3.0000000000000001E-003
  0.50000000000000000        3.3333333333333331E-003
  0.41666666666666669        3.3333333333333331E-003
  0.41666666666666669        3.0000000000000001E-003

  0.50000000000000000        3.0000000000000001E-003
  0.58333333333333337        3.0000000000000001E-003
  0.58333333333333337        3.3333333333333331E-003
  0.50000000000000000        3.3333333333333331E-003
  0.50000000000000000        3.0000000000000001E-003

  0.58333333333333337        3.0000000000000001E-003
  0.66666666666666663        3.0000000000000001E-003
  0.66666666666666663        3.3333333333333331E-003
  0.58333333333333337        3.3333333333333331E-003
  0.58333333333333337        3.0000000000000001E-003

  0.66666666666666663        3.0000000000000001E-003
  0.75000000000000000        3.0000000000000001E-003
  0.75000000000000000        3.3333333333333331E-003
  0.66666666666666663        3.3333333333333331E-003
  0.66666666666666663        3.0000000000000001E-003

  0.75000000000000000        3.0000000000000001E-003
  0.83333333333333337        3.0000000000000001E-003
  0.83333333333333337        3.3333333333333331E-003
  0.75000000000000000        3.3333333333333331E-003
  0.75000000000000000        3.0000000000000001E-003

  0.83333333333333337        3.0000000000000001E-003
  0.91666666666666674        3.0000000000000001E-003
  0.91666666666666674        3.3333333333333331E-003
  0.83333333333333337        3.3333333333333331E-003
  0.83333333333333337        3.0000000000000001E-003

  0.91666666666666674        3.0000000000000001E-003
   1.0000000000000000        3.0000000000000001E-003
   1.0000000000000000        3.3333333333333331E-003
  0.91666666666666674        3.3333333333333331E-003
  0.91666666666666674        3.0000000000000001E-003

   0.0000000000000000        3.3333333333333331E-003
   8.3333333333333329E-002   3.3333333333333331E-003
   8.3333333333333329E-002   4.0000000000000001E-003
   0.0000000000000000        4.0000000000000001E-003
   0.0000000000000000        3.3333333333333331E-003

   8.3333333333333329E-002   3.3333333333333331E-003
  0.16666666666666666        3.3333333333333331E-003
  0.16666666666666666        4.0000000000000001E-003
   8.3333333333333329E-002   4.0000000000000001E-003
   8.3333333333333329E-002   3.3333333333333331E-003

  0.16666666666666666        3.3333333333333331E-003
  0.25000000000000000        3.3333333333333331E-003
  0.25000000000000000        4.0000000000000001E-003
  0.16666666666666666        4.0000000000000001E-003
  0.16666666666666666        3.3333333333333331E-003

  0.25000000000000000        3.3333333333333331E-003
  0.33333333333333331        3.3333333333333331E-003
  0.33333333333333331        4.0000000000000001E-003
  0.25000000000000000        4.0000000000000001E-003
  0.25000000000000000        3.3333333333333331E-003

  0.33333333333333331        3.3333333333333331E-003
  0.41666666666666669        3.3333333333333331E-003
  0.41666666666666669        4.0000000000000001E-003
  0.33333333333333331        4.0000000000000001E-003
  0.33333333333333331        3.3333333333333331E-003

  0.41666666666666669        3.3333333333333331E-003
  0.50000000000000000        3.3333333333333331E-003
  0.50000000000000000        4.0000000000000001E-003
  0.41666666666666669        4.0000000000000001E-003
  0.41666666666666669        3.3333333333333331E-003

  0.50000000000000000        3.3333333333333331E-003
  0.58333333333333337        3.3333333333333331E-003
  0.58333333333333337        4.0000000000000001E-003
  0.50000000000000000        4.0000000000000001E-003
  0.50000000000000000        3.3333333333333331E-003

  0.58333333333333337        3.3333333333333331E-003
  0.66666666666666663        3.3333333333333331E-003
  0.66666666666666663        4.0000000000000001E-003
  0.58333333333333337        4.0000000000000001E-003
  0.58333333333333337        3.3333333333333331E-003

  0.66666666666666663        3.3333333333333331E-003
  0.75000000000000000        3.3333333333333331E-003
  0.75000000000000000        4.0000000000000001E-003
  0.66666666666666663        4.0000000000000001E-003
  0.66666666666666663        3.3333333333333331E-003

  0.75000000000000000        3.3333333333333331E-003
  0.83333333333333337        3.3333333333333331E-003
  0.83333333333333337        4.0000000000000001E-003
  0.75000000000000000        4.0000000000000001E-003
  0.75000000000000000        3.3333333333333331E-003

  0.83333333333333337        3.3333333333333331E-003
  0.91666666666666674        3.3333333333333331E-003
  0.91666666666666674        4.0000000000000001E-003
  0.83333333333333337        4.0000000000000001E-003
  0.83333333333333337        3.3333333333333331E-003

  0.91666666666666674        3.3333333333333331E-003
   1.0000000000000000        3.3333333333333331E-003
   1.0000000000000000        4.0000000000000001E-003
  0.91666666666666674        4.0000000000000001E-003
  0.91666666666666674        3.3333333333333331E-003

   0.0000000000000000        4.0000000000000001E-003
   8.3333333333333329E-002   4.0000000000000001E-003
   8.3333333333333329E-002   4.1666666666666666E-003
   0.0000000000000000        4.1666666666666666E-003
   0.0000000000000000        4.0000000000000001E-003

   8.3333333333333329E-002   4.0000000000000001E-003
  0.16666666666666666        4.0000000000000001E-003
  0.16666666666666666        4.1666666666666666E-003
   8.3333333333333329E-002   4.1666666666666666E-003
   8.3333333333333329E-002   4.0000000000000001E-003

  0.16666666666666666        4.0000000000000001E-003
  0.25000000000000000        4.0000000000000001E-003
  0.25000000000000000        4.1666666666666666E-003
  0.16666666666666666        4.1666666666666666E-003
  0.16666666666666666        4.0000000000000001E-003

  0.25000000000000000        4.0000000000000001E-003
  0.33333333333333331        4.0000000000000001E-003
  0.33333333333333331        4.1666666666666666E-003
  0.25000000000000000        4.1666666666666666E-003
  0.25000000000000000        4.0000000000000001E-003

  0.33333333333333331        4.0000000000000001E-003
  0.41666666666666669        4.0000000000000001E-003
  0.41666666666666669        4.1666666666666666E-003
  0.33333333333333331        4.1666666666666666E-003
  0.33333333333333331        4.0000000000000001E-003

  0.41666666666666669        4.0000000000000001E-003
  0.50000000000000000        4.0000000000000001E-003
  0.50000000000000000        4.1666666666666666E-003
  0.41666666666666669        4.1666666666666666E-003
  0.41666666666666669        4.0000000000000001E-003

  0.50000000000000000        4.0000000000000001E-003
  0.58333333333333337        4.0000000000000001E-003
  0.58333333333333337        4.1666666666666666E-003
  0.50000000000000000        4.1666666666666666E-003
  0.50000000000000000        4.0000000000000001E-003

  0.58333333333333337        4.0000000000000001E-003
  0.66666666666666663        4.0000000000000001E-003
  0.66666666666666663        4.1666666666666666E-003
  0.58333333333333337        4.1666666666666666E-003
  0.58333333333333337        4.0000000000000001E-003

  0.66666666666666663        4.0000000000000001E-003
  0.75000000000000000        4.0000000000000001E-003
  0.75000000000000000        4.1666666666666666E-003
  0.66666666666666663        4.1666666666666666E-003
  0.66666666666666663        4.0000000000000001E-003

  0.75000000000000000        4.0000000000000001E-003
  0.83333333333333337        4.0000000000000001E-003
  0.83333333333333337        4.1666666666666666E-003
  0.75000000000000000        4.1666666666666666E-003
  0.75000000000000000        4.0000000000000001E-003

  0.83333333333333337        4.0000000000000001E-003
  0.91666666666666674        4.0000000000000001E-003
  0.91666666666666674        4.1666666666666666E-003
  0.83333333333333337        4.1666666666666666E-003
  0.83333333333333337        4.0000000000000001E-003

  0.91666666666666674        4.0000000000000001E-003
   1.0000000000000000        4.0000000000000001E-003
   1.0000000000000000        4.1666666666666666E-003
  0.91666666666666674        4.1666666666666666E-003
  0.91666666666666674        4.0000000000000001E-003

   0.0000000000000000        4.1666666666666666E-003
   8.3333333333333329E-002   4.1666666666666666E-003
   8.3333333333333329E-002   5.0000000000000001E-003
   0.0000000000000000        5.0000000000000001E-003
   0.0000000000000000        4.1666666666666666E-003

   8.3333333333333329E-002   4.1666666666666666E-003
  0.16666666666666666        4.1666666666666666E-003
  0.16666666666666666        5.0000000000000001E-003
   8.3333333333333329E-002   5.0000000000000001E-003
   8.3333333333333329E-002   4.1666666666666666E-003

  0.16666666666666666        4.1666666666666666E-003
  0.25000000000000000        4.1666666666666666E-003
  0.25000000000000000        5.0000000000000001E-003
  0.16666666666666666        5.0000000000000001E-003
  0.16666666666666666        4.1666666666666666E-003

  0.25000000000000000        4.1666666666666666E-003
  0.33333333333333331        4.1666666666666666E-003
  0.33333333333333331        5.0000000000000001E-003
  0.25000000000000000        5.0000000000000001E-003
  0.25000000000000000        4.1666666666666666E-003

  0.33333333333333331        4.1666666666666666E-003
  0.41666666666666669        4.1666666666666666E-003
  0.41666666666666669        5.0000000000000001E-003
  0.33333333333333331        5.0000000000000001E-003
  0.33333333333333331        4.1666666666666666E-003

  0.41666666666666669        4.1666666666666666E-003
  0.50000000000000000        4.1666666666666666E-003
  0.50000000000000000        5.0000000000000001E-003
  0.41666666666666669        5.0000000000000001E-003
  0.41666666666666669        4.1666666666666666E-003

  0.50000000000000000        4.1666666666666666E-003
  0.58333333333333337        4.1666666666666666E-003
  0.58333333333333337        5.0000000000000001E-003
  0.50000000000000000        5.0000000000000001E-003
  0.50000000000000000        4.1666666666666666E-003

  0.58333333333333337        4.1666666666666666E-003
  0.66666666666666663        4.1666666666666666E-003
  0.66666666666666663        5.0000000000000001E-003
  0.58333333333333337        5.0000000000000001E-003
  0.58333333333333337        4.1666666666666666E-003

  0.66666666666666663        4.1666666666666666E-003
  0.75000000000000000        4.1666666666666666E-003
  0.75000000000000000        5.0000000000000001E-003
  0.66666666666666663        5.0000000000000001E-003
  0.66666666666666663        4.1666666666666666E-003

  0.75000000000000000        4.1666666666666666E-003
  0.83333333333333337        4.1666666666666666E-003
  0.83333333333333337        5.0000000000000001E-003
  0.75000000000000000        5.0000000000000001E-003
  0.75000000000000000        4.1666666666666666E-003

  0.83333333333333337        4.1666666666666666E-003
  0.91666666666666674        4.1666666666666666E-003
  0.91666666666666674        5.0000000000000001E-003
  0.83333333333333337        5.0000000000000001E-003
  0.83333333333333337        4.1666666666666666E-003

  0.91666666666666674        4.1666666666666666E-003
   1.0000000000000000        4.1666666666666666E-003
   1.0000000000000000        5.0000000000000001E-003
  0.91666666666666674        5.0000000000000001E-003
  0.91666666666666674        4.1666666666666666E-003

   0.0000000000000000        5.0000000000000001E-003
   8.3333333333333329E-002   5.0000000000000001E-003
   8.3333333333333329E-002   8.5999999999999993E-002
   0.0000000000000000        8.5999999999999993E-002
   0.0000000000000000        5.0000000000000001E-003

   8.3333333333333329E-002   5.0000000000000001E-003
  0.16666666666666666        5.0000000000000001E-003
  0.16666666666666666        8.5999999999999993E-002
   8.3333333333333329E-002   8.5999999999999993E-002
   8.3333333333333329E-002   5.0000000000000001E-003

  0.16666666666666666        5.0000000000000001E-003
  0.25000000000000000        5.0000000000000001E-003
  0.25000000000000000        8.5999999999999993E-002
  0.16666666666666666        8.5999999999999993E-002
  0.16666666666666666        5.0000000000000001E-003

  0.25000000000000000        5.0000000000000001E-003
  0.33333333333333331        5.0000000000000001E-003
  0.33333333333333331        8.5999999999999993E-002
  0.25000000000000000        8.5999999999999993E-002
  0.25000000000000000        5.0000000000000001E-003

  0.33333333333333331        5.0000000000000001E-003
  0.41666666666666669        5.0000000000000001E-003
  0.41666666666666669        8.5999999999999993E-002
  0.33333333333333331        8.5999999999999993E-002
  0.33333333333333331        5.0000000000000001E-003

  0.41666666666666669        5.0000000000000001E-003
  0.50000000000000000        5.0000000000000001E-003
  0.50000000000000000        8.5999999999999993E-002
  0.41666666666666669        8.5999999999999993E-002
  0.41666666666666669        5.0000000000000001E-003

  0.50000000000000000        5.0000000000000001E-003
  0.58333333333333337        5.0000000000000001E-003
  0.58333333333333337        8.5999999999999993E-002
  0.50000000000000000        8.5999999999999993E-002
  0.50000000000000000        5.0000000000000001E-003

  0.58333333333333337        5.0000000000000001E-003
  0.66666666666666663        5.0000000000000001E-003
  0.66666666666666663        8.5999999999999993E-002
  0.58333333333333337        8.5999999999999993E-002
  0.58333333333333337        5.0000000000000001E-003

  0.66666666666666663        5.0000000000000001E-003
  0.75000000000000000        5.0000000000000001E-003
  0.75000000000000000        8.5999999999999993E-002
  0.66666666666666663        8.5999999999999993E-002
  0.66666666666666663        5.0000000000000001E-003

  0.75000000000000000        5.0000000000000001E-003
  0.83333333333333337        5.0000000000000001E-003
  0.83333333333333337        8.5999999999999993E-002
  0.75000000000000000        8.5999999999999993E-002
  0.75000000000000000        5.0000000000000001E-003

  0.83333333333333337        5.0000000000000001E-003
  0.91666666666666674        5.0000000000000001E-003
  0.91666666666666674        8.5999999999999993E-002
  0.83333333333333337        8.5999999999999993E-002
  0.83333333333333337        5.0000000000000001E-003

  0.91666666666666674        5.0000000000000001E-003
   1.0000000000000000        5.0000000000000001E-003
   1.0000000000000000        8.5999999999999993E-002
  0.91666666666666674        8.5999999999999993E-002
  0.91666666666666674        5.0000000000000001E-003

   0.0000000000000000        8.5999999999999993E-002
   8.3333333333333329E-002   8.5999999999999993E-002
   8.3333333333333329E-002  0.16899999999999998     
   0.0000000000000000       0.16899999999999998     
   0.0000000000000000        8.5999999999999993E-002

   8.3333333333333329E-002   8.5999999999999993E-002
  0.16666666666666666        8.5999999999999993E-002
  0.16666666666666666       0.16899999999999998     
   8.3333333333333329E-002  0.16899999999999998     
   8.3333333333333329E-002   8.5999999999999993E-002

  0.16666666666666666        8.5999999999999993E-002
  0.25000000000000000        8.5999999999999993E-002
  0.25000000000000000       0.16899999999999998     
  0.16666666666666666       0.16899999999999998     
  0.16666666666666666        8.5999999999999993E-002

  0.25000000000000000        8.5999999999999993E-002
  0.33333333333333331        8.5999999999999993E-002
  0.33333333333333331       0.16899999999999998     
  0.25000000000000000       0.16899999999999998     
  0.25000000000000000        8.5999999999999993E-002

  0.33333333333333331        8.5999999999999993E-002
  0.41666666666666669        8.5999999999999993E-002
  0.41666666666666669       0.16899999999999998     
  0.33333333333333331       0.16899999999999998     
  0.33333333333333331        8.5999999999999993E-002

  0.41666666666666669        8.5999999999999993E-002
  0.50000000000000000        8.5999999999999993E-002
  0.50000000000000000       0.16899999999999998     
  0.41666666666666669       0.16899999999999998     
  0.41666666666666669        8.5999999999999993E-002

  0.50000000000000000        8.5999999999999993E-002
  0.58333333333333337        8.5999999999999993E-002
  0.58333333333333337       0.16899999999999998     
  0.50000000000000000       0.16899999999999998     
  0.50000000000000000        8.5999999999999993E-002

  0.58333333333333337        8.5999999999999993E-002
  0.66666666666666663        8.5999999999999993E-002
  0.66666666666666663       0.16899999999999998     
  0.58333333333333337       0.16899999999999998     
  0.58333333333333337        8.5999999999999993E-002

  0.66666666666666663        8.5999999999999993E-002
  0.75000000000000000        8.5999999999999993E-002
  0.75000000000000000       0.16899999999999998     
  0.66666666666666663       0.16899999999999998     
  0.66666666666666663        8.5999999999999993E-002

  0.75000000000000000        8.5999999999999993E-002
  0.83333333333333337        8.5999999999999993E-002
  0.83333333333333337       0.16899999999999998     
  0.75000000000000000       0.16899999999999998     
  0.75000000000000000        8.5999999999999993E-002

  0.83333333333333337        8.5999999999999993E-002
  0.91666666666666674        8.5999999999999993E-002
  0.91666666666666674       0.16899999999999998     
  0.83333333333333337       0.16899999999999998     
  0.83333333333333337        8.5999999999999993E-002

  0.91666666666666674        8.5999999999999993E-002
   1.0000000000000000        8.5999999999999993E-002
   1.0000000000000000       0.16899999999999998     
  0.91666666666666674       0.16899999999999998     
  0.91666666666666674        8.5999999999999993E-002

   0.0000000000000000       0.16899999999999998     
   8.3333333333333329E-002  0.16899999999999998     
   8.3333333333333329E-002  0.25200000000000000     
   0.0000000000000000       0.25200000000000000     
   0.0000000000000000       0.16899999999999998     

   8.3333333333333329E-002  0.16899999999999998     
  0.16666666666666666       0.16899999999999998     
  0.16666666666666666       0.25200000000000000     
   8.3333333333333329E-002  0.25200000000000000     
   8.3333333333333329E-002  0.16899999999999998     

  0.16666666666666666       0.16899999999999998     
  0.25000000000000000       0.16899999999999998     
  0.25000000000000000       0.25200000000000000     
  0.16666666666666666       0.25200000000000000     
  0.16666666666666666       0.16899999999999998     

  0.25000000000000000       0.16899999999999998     
  0.33333333333333331       0.16899999999999998     
  0.33333333333333331       0.25200000000000000     
  0.25000000000000000       0.25200000000000000     
  0.25000000000000000       0.16899999999999998     

  0.33333333333333331       0.16899999999999998     
  0.41666666666666669       0.16899999999999998     
  0.41666666666666669       0.25200000000000000     
  0.33333333333333331       0.25200000000000000     
  0.33333333333333331       0.16899999999999998     

  0.41666666666666669       0.16899999999999998     
  0.50000000000000000       0.16899999999999998     
  0.50000000000000000       0.25200000000000000     
  0.41666666666666669       0.25200000000000000     
  0.41666666666666669       0.16899999999999998     

  0.50000000000000000       0.16899999999999998     
  0.58333333333333337       0.16899999999999998     
  0.58333333333333337       0.25200000000000000     
  0.50000000000000000       0.25200000000000000     
  0.50000000000000000       0.16899999999999998     

  0.58333333333333337       0.16899999999999998     
  0.66666666666666663       0.16899999999999998     
  0.66666666666666663       0.25200000000000000     
  0.58333333333333337       0.25200000000000000     
  0.58333333333333337       0.16899999999999998     

  0.66666666666666663       0.16899999999999998     
  0.75000000000000000       0.16899999999999998     
  0.75000000000000000       0.25200000000000000     
  0.66666666666666663       0.25200000000000000     
  0.66666666666666663       0.16899999999999998     

  0.75000000000000000       0.16899999999999998     
  0.83333333333333337       0.16899999999999998     
  0.83333333333333337       0.25200000000000000     
  0.75000000000000000       0.25200000000000000     
  0.75000000000000000       0.16899999999999998     

  0.83333333333333337       0.16899999999999998     
  0.91666666666666674       0.16899999999999998     
  0.91666666666666674       0.25200000000000000     
  0.83333333333333337       0.25200000000000000     
  0.83333333333333337       0.16899999999999998     

  0.91666666666666674       0.16899999999999998     
   1.0000000000000000       0.16899999999999998     
   1.0000000000000000       0.25200000000000000     
  0.91666666666666674       0.25200000000000000     
  0.91666666666666674       0.16899999999999998     

   0.0000000000000000       0.25200000000000000     
   8.3333333333333329E-002  0.25200000000000000     
   8.3333333333333329E-002  0.33499999999999996     
   0.0000000000000000       0.33499999999999996     
   0.0000000000000000       0.25200000000000000     

   8.3333333333333329E-002  0.25200000000000000     
  0.16666666666666666       0.25200000000000000     
  0.16666666666666666       0.33499999999999996     
   8.3333333333333329E-002  0.33499999999999996     
   8.3333333333333329E-002  0.25200000000000000     

  0.16666666666666666       0.25200000000000000     
  0.25000000000000000       0.25200000000000000     
  0.25000000000000000       0.33499999999999996     
  0.16666666666666666       0.33499999999999996     
  0.16666666666666666       0.25200000000000000     

  0.25000000000000000       0.25200000000000000     
  0.33333333333333331       0.25200000000000000     
  0.33333333333333331       0.33499999999999996     
  0.25000000000000000       0.33499999999999996     
  0.25000000000000000       0.25200000000000000     

  0.33333333333333331       0.25200000000000000     
  0.41666666666666669       0.25200000000000000     
  0.41666666666666669       0.33499999999999996     
  0.33333333333333331       0.33499999999999996     
  0.33333333333333331       0.25200000000000000     

  0.41666666666666669       0.25200000000000000     
  0.50000000000000000       0.25200000000000000     
  0.50000000000000000       0.33499999999999996     
  0.41666666666666669       0.33499999999999996     
  0.41666666666666669       0.25200000000000000     

  0.50000000000000000       0.25200000000000000     
  0.58333333333333337       0.25200000000000000     
  0.58333333333333337       0.33499999999999996     
  0.50000000000000000       0.33499999999999996     
  0.50000000000000000       0.25200000000000000     

  0.58333333333333337       0.25200000000000000     
  0.66666666666666663       0.25200000000000000     
  0.66666666666666663       0.33499999999999996     
  0.58333333333333337       0.33499999999999996     
  0.58333333333333337       0.25200000000000000     

  0.66666666666666663       0.25200000000000000     
  0.75000000000000000       0.25200000000000000     
  0.75000000000000000       0.33499999999999996     
  0.66666666666666663       0.33499999999999996     
  0.66666666666666663       0.25200000000000000     

  0.75000000000000000       0.25200000000000000     
  0.83333333333333337       0.25200000000000000     
  0.83333333333333337       0.33499999999999996     
  0.75000000000000000       0.33499999999999996     
  0.75000000000000000       0.25200000000000000     

  0.83333333333333337       0.25200000000000000     
  0.91666666666666674       0.25200000000000000     
  0.91666666666666674       0.33499999999999996     
  0.83333333333333337       0.33499999999999996     
  0.83333333333333337       0.25200000000000000     

  0.91666666666666674       0.25200000000000000     
   1.0000000000000000       0.25200000000000000     
   1.0000000000000000       0.33499999999999996     
  0.91666666666666674       0.33499999999999996     
  0.91666666666666674       0.25200000000000000     

   0.0000000000000000       0.33499999999999996     
   8.3333333333333329E-002  0.33499999999999996     
   8.3333333333333329E-002  0.41800000000000004     
   0.0000000000000000       0.41800000000000004     
   0.0000000000000000       0.33499999999999996     

   8.3333333333333329E-002  0.33499999999999996     
  0.16666666666666666       0.33499999999999996     
  0.16666666666666666       0.41800000000000004     
   8.3333333333333329E-002  0.41800000000000004     
   8.3333333333333329E-002  0.33499999999999996     

  0.16666666666666666       0.33499999999999996     
  0.25000000000000000       0.33499999999999996     
  0.25000000000000000       0.41800000000000004     
  0.16666666666666666       0.41800000000000004     
  0.16666666666666666       0.33499999999999996     

  0.25000000000000000       0.33499999999999996     
  0.33333333333333331       0.33499999999999996     
  0.33333333333333331       0.41800000000000004     
  0.25000000000000000       0.41800000000000004     
  0.25000000000000000       0.33499999999999996     

  0.33333333333333331       0.33499999999999996     
  0.41666666666666669       0.33499999999999996     
  0.41666666666666669       0.41800000000000004     
  0.33333333333333331       0.41800000000000004     
  0.33333333333333331       0.33499999999999996     

  0.41666666666666669       0.33499999999999996     
  0.50000000000000000       0.33499999999999996     
  0.50000000000000000       0.41800000000000004     
  0.41666666666666669       0.41800000000000004     
  0.41666666666666669       0.33499999999999996     

  0.50000000000000000       0.33499999999999996     
  0.58333333333333337       0.33499999999999996     
  0.58333333333333337       0.41800000000000004     
  0.50000000000000000       0.41800000000000004     
  0.50000000000000000       0.33499999999999996     

  0.58333333333333337       0.33499999999999996     
  0.66666666666666663       0.33499999999999996     
  0.66666666666666663       0.41800000000000004     
  0.58333333333333337       0.41800000000000004     
  0.58333333333333337       0.33499999999999996     

  0.66666666666666663       0.33499999999999996     
  0.75000000000000000       0.33499999999999996     
  0.75000000000000000       0.41800000000000004     
  0.66666666666666663       0.41800000000000004     
  0.66666666666666663       0.33499999999999996     

  0.75000000000000000       0.33499999999999996     
  0.83333333333333337       0.33499999999999996     
  0.83333333333333337       0.41800000000000004     
  0.75000000000000000       0.41800000000000004     
  0.75000000000000000       0.33499999999999996     

  0.83333333333333337       0.33499999999999996     
  0.91666666666666674       0.33499999999999996     
  0.91666666666666674       0.41800000000000004     
  0.83333333333333337       0.41800000000000004     
  0.83333333333333337       0.33499999999999996     

  0.91666666666666674       0.33499999999999996     
   1.0000000000000000       0.33499999999999996     
   1.0000000000000000       0.41800000000000004     
  0.91666666666666674       0.41800000000000004     
  0.91666666666666674       0.33499999999999996     

   0.0000000000000000       0.41800000000000004     
   8.3333333333333329E-002  0.41800000000000004     
   8.3333333333333329E-002  0.49900000000000000     
   0.0000000000000000       0.49900000000000000     
   0.0000000000000000       0.41800000000000004     

   8.3333333333333329E-002  0.41800000000000004     
  0.16666666666666666       0.41800000000000004     
  0.16666666666666666       0.49900000000000000     
   8.3333333333333329E-002  0.49900000000000000     
   8.3333333333333329E-002  0.41800000000000004     

  0.16666666666666666       0.41800000000000004     
  0.25000000000000000       0.41800000000000004     
  0.25000000000000000       0.49900000000000000     
  0.16666666666666666       0.49900000000000000     
  0.16666666666666666       0.41800000000000004     

  0.25000000000000000       0.41800000000000004     
  0.33333333333333331       0.41800000000000004     
  0.33333333333333331       0.49900000000000000     
  0.25000000000000000       0.49900000000000000     
  0.25000000000000000       0.41800000000000004     

  0.33333333333333331       0.41800000000000004     
  0.41666666666666669       0.41800000000000004     
  0.41666666666666669       0.49900000000000000     
  0.33333333333333331       0.49900000000000000     
  0.33333333333333331       0.41800000000000004     

  0.41666666666666669       0.41800000000000004     
  0.50000000000000000       0.41800000000000004     
  0.50000000000000000       0.49900000000000000     
  0.41666666666666669       0.49900000000000000     
  0.41666666666666669       0.41800000000000004     

  0.50000000000000000       0.41800000000000004     
  0.58333333333333337       0.41800000000000004     
  0.58333333333333337       0.49900000000000000     
  0.50000000000000000       0.49900000000000000     
  0.50000000000000000       0.41800000000000004     

  0.58333333333333337       0.41800000000000004     
  0.66666666666666663       0.41800000000000004     
  0.66666666666666663       0.49900000000000000     
  0.58333333333333337       0.49900000000000000     
  0.58333333333333337       0.41800000000000004     

  0.66666666666666663       0.41800000000000004     
  0.75000000000000000       0.41800000000000004     
  0.75000000000000000       0.49900000000000000     
  0.66666666666666663       0.49900000000000000     
  0.66666666666666663       0.41800000000000004     

  0.75000000000000000       0.41800000000000004     
  0.83333333333333337       0.41800000000000004     
  0.83333333333333337       0.49900000000000000     
  0.75000000000000000       0.49900000000000000     
  0.75000000000000000       0.41800000000000004     

  0.83333333333333337       0.41800000000000004     
  0.91666666666666674       0.41800000000000004     
  0.91666666666666674       0.49900000000000000     
  0.83333333333333337       0.49900000000000000     
  0.83333333333333337       0.41800000000000004     

  0.91666666666666674       0.41800000000000004     
   1.0000000000000000       0.41800000000000004     
   1.0000000000000000       0.49900000000000000     
  0.91666666666666674       0.49900000000000000     
  0.91666666666666674       0.41800000000000004     

   0.0000000000000000       0.49900000000000000     
   8.3333333333333329E-002  0.49900000000000000     
   8.3333333333333329E-002  0.50000000000000000     
   0.0000000000000000       0.50000000000000000     
   0.0000000000000000       0.49900000000000000     

   8.3333333333333329E-002  0.49900000000000000     
  0.16666666666666666       0.49900000000000000     
  0.16666666666666666       0.50000000000000000     
   8.3333333333333329E-002  0.50000000000000000     
   8.3333333333333329E-002  0.49900000000000000     

  0.16666666666666666       0.49900000000000000     
  0.25000000000000000       0.49900000000000000     
  0.25000000000000000       0.50000000000000000     
  0.16666666666666666       0.50000000000000000     
  0.16666666666666666       0.49900000000000000     

  0.25000000000000000       0.49900000000000000     
  0.33333333333333331       0.49900000000000000     
  0.33333333333333331       0.50000000000000000     
  0.25000000000000000       0.50000000000000000     
  0.25000000000000000       0.49900000000000000     

  0.33333333333333331       0.49900000000000000     
  0.41666666666666669       0.49900000000000000     
  0.41666666666666669       0.50000000000000000     
  0.33333333333333331       0.50000000000000000     
  0.33333333333333331       0.49900000000000000     

  0.41666666666666669       0.49900000000000000     
  0.50000000000000000       0.49900000000000000     
  0.50000000000000000       0.50000000000000000     
  0.41666666666666669       0.50000000000000000     
  0.41666666666666669       0.49900000000000000     

  0.50000000000000000       0.49900000000000000     
  0.58333333333333337       0.49900000000000000     
  0.58333333333333337       0.50000000000000000     
  0.50000000000000000       0.50000000000000000     
  0.50000000000000000       0.49900000000000000     

  0.58333333333333337       0.49900000000000000     
  0.66666666666666663       0.49900000000000000     
  0.66666666666666663       0.50000000000000000     
  0.58333333333333337       0.50000000000000000     
  0.58333333333333337       0.49900000000000000     

  0.66666666666666663       0.49900000000000000     
  0.75000000000000000       0.49900000000000000     
  0.75000000000000000       0.50000000000000000     
  0.66666666666666663       0.50000000000000000     
  0.66666666666666663       0.49900000000000000     

  0.75000000000000000       0.49900000000000000     
  0.83333333333333337       0.49900000000000000     
  0.83333333333333337       0.50000000000000000     
  0.75000000000000000       0.50000000000000000     
  0.75000000000000000       0.49900000000000000     

  0.83333333333333337       0.49900000000000000     
  0.91666666666666674       0.49900000000000000     
  0.91666666666666674       0.50000000000000000     
  0.83333333333333337       0.50000000000000000     
  0.83333333333333337       0.49900000000000000     

  0.91666666666666674       0.49900000000000000     
   1.0000000000000000       0.49900000000000000     
   1.0000000000000000       0.50000000000000000     
  0.91666666666666674       0.50000000000000000     
  0.91666666666666674       0.49900000000000000     

   0.0000000000000000       0.50000000000000000     
   8.3333333333333329E-002  0.50000000000000000     
   8.3333333333333329E-002  0.50100000000000000     
   0.0000000000000000       0.50100000000000000     
   0.0000000000000000       0.50000000000000000     

   8.3333333333333329E-002  0.50000000000000000     
  0.16666666666666666       0.50000000000000000     
  0.16666666666666666       0.50100000000000000     
   8.3333333333333329E-002  0.50100000000000000     
   8.3333333333333329E-002  0.50000000000000000     

  0.16666666666666666       0.50000000000000000     
  0.25000000000000000       0.50000000000000000     
  0.25000000000000000       0.50100000000000000     
  0.16666666666666666       0.50100000000000000     
  0.16666666666666666       0.50000000000000000     

  0.25000000000000000       0.50000000000000000     
  0.33333333333333331       0.50000000000000000     
  0.33333333333333331       0.50100000000000000     
  0.25000000000000000       0.50100000000000000     
  0.25000000000000000       0.50000000000000000     

  0.33333333333333331       0.50000000000000000     
  0.41666666666666669       0.50000000000000000     
  0.41666666666666669       0.50100000000000000     
  0.33333333333333331       0.50100000000000000     
  0.33333333333333331       0.50000000000000000     

  0.41666666666666669       0.50000000000000000     
  0.50000000000000000       0.50000000000000000     
  0.50000000000000000       0.50100000000000000     
  0.41666666666666669       0.50100000000000000     
  0.41666666666666669       0.50000000000000000     

  0.50000000000000000       0.50000000000000000     
  0.58333333333333337       0.50000000000000000     
  0.58333333333333337       0.50100000000000000     
  0.50000000000000000       0.50100000000000000     
  0.50000000000000000       0.50000000000000000     

  0.58333333333333337       0.50000000000000000     
  0.66666666666666663       0.50000000000000000     
  0.66666666666666663       0.50100000000000000     
  0.58333333333333337       0.50100000000000000     
  0.58333333333333337       0.50000000000000000     

  0.66666666666666663       0.50000000000000000     
  0.75000000000000000       0.50000000000000000     
  0.75000000000000000       0.50100000000000000     
  0.66666666666666663       0.50100000000000000     
  0.66666666666666663       0.50000000000000000     

  0.75000000000000000       0.50000000000000000     
  0.83333333333333337       0.50000000000000000     
  0.83333333333333337       0.50100000000000000     
  0.75000000000000000       0.50100000000000000     
  0.75000000000000000       0.50000000000000000     

  0.83333333333333337       0.50000000000000000     
  0.91666666666666674       0.50000000000000000     
  0.91666666666666674       0.50100000000000000     
  0.83333333333333337       0.50100000000000000     
  0.83333333333333337       0.50000000000000000     

  0.91666666666666674       0.50000000000000000     
   1.0000000000000000       0.50000000000000000     
   1.0000000000000000       0.50100000000000000     
  0.91666666666666674       0.50100000000000000     
  0.91666666666666674       0.50000000000000000     

   0.0000000000000000        0.0000000000000000     
   8.3333333333333329E-002   0.0000000000000000     
   8.3333333333333329E-002   8.3333333333333328E-004
   0.0000000000000000        8.3333333333333328E-004
   0.0000000000000000        0.0000000000000000     

   8.3333333333333329E-002   0.0000000000000000     
  0.16666666666666666        0.0000000000000000     
  0.16666666666666666        8.3333333333333328E-004
   8.3333333333333329E-002   8.3333333333333328E-004
   8.3333333333333329E-002   0.0000000000000000     

  0.16666666666666666        0.0000000000000000     
  0.25000000000000000        0.0000000000000000     
  0.25000000000000000        8.3333333333333328E-004
  0.16666666666666666        8.3333333333333328E-004
  0.16666666666666666        0.0000000000000000     

  0.25000000000000000        0.0000000000000000     
  0.33333333333333331        0.0000000000000000     
  0.33333333333333331        8.3333333333333328E-004
  0.25000000000000000        8.3333333333333328E-004
  0.25000000000000000        0.0000000000000000     

  0.33333333333333331        0.0000000000000000     
  0.41666666666666669        0.0000000000000000     
  0.41666666666666669        8.3333333333333328E-004
  0.33333333333333331        8.3333333333333328E-004
  0.33333333333333331        0.0000000000000000     

  0.41666666666666669        0.0000000000000000     
  0.50000000000000000        0.0000000000000000     
  0.50000000000000000        8.3333333333333328E-004
  0.41666666666666669        8.3333333333333328E-004
  0.41666666666666669        0.0000000000000000     

  0.50000000000000000        0.0000000000000000     
  0.58333333333333337        0.0000000000000000     
  0.58333333333333337        8.3333333333333328E-004
  0.50000000000000000        8.3333333333333328E-004
  0.50000000000000000        0.0000000000000000     

  0.58333333333333337        0.0000000000000000     
  0.66666666666666663        0.0000000000000000     
  0.66666666666666663        8.3333333333333328E-004
  0.58333333333333337        8.3333333333333328E-004
  0.58333333333333337        0.0000000000000000     

  0.66666666666666663        0.0000000000000000     
  0.75000000000000000        0.0000000000000000     
  0.75000000000000000        8.3333333333333328E-004
  0.66666666666666663        8.3333333333333328E-004
  0.66666666666666663        0.0000000000000000     

  0.75000000000000000        0.0000000000000000     
  0.83333333333333326        0.0000000000000000     
  0.83333333333333326        8.3333333333333328E-004
  0.75000000000000000        8.3333333333333328E-004
  0.75000000000000000        0.0000000000000000     

  0.83333333333333326        0.0000000000000000     
  0.91666666666666674        0.0000000000000000     
  0.91666666666666674        8.3333333333333328E-004
  0.83333333333333326        8.3333333333333328E-004
  0.83333333333333326        0.0000000000000000     

  0.91666666666666674        0.0000000000000000     
   1.0000000000000000        0.0000000000000000     
   1.0000000000000000        8.3333333333333328E-004
  0.91666666666666674        8.3333333333333328E-004
  0.91666666666666674        0.0000000000000000     

   0.0000000000000000        8.3333333333333328E-004
   8.3333333333333329E-002   8.3333333333333328E-004
   8.3333333333333329E-002   1.6666666666666666E-003
   0.0000000000000000        1.6666666666666666E-003
   0.0000000000000000        8.3333333333333328E-004

   8.3333333333333329E-002   8.3333333333333328E-004
  0.16666666666666666        8.3333333333333328E-004
  0.16666666666666666        1.6666666666666666E-003
   8.3333333333333329E-002   1.6666666666666666E-003
   8.3333333333333329E-002   8.3333333333333328E-004

  0.16666666666666666        8.3333333333333328E-004
  0.25000000000000000        8.3333333333333328E-004
  0.25000000000000000        1.6666666666666666E-003
  0.16666666666666666        1.6666666666666666E-003
  0.16666666666666666        8.3333333333333328E-004

  0.25000000000000000        8.3333333333333328E-004
  0.33333333333333331        8.3333333333333328E-004
  0.33333333333333331        1.6666666666666666E-003
  0.25000000000000000        1.6666666666666666E-003
  0.25000000000000000        8.3333333333333328E-004

  0.33333333333333331        8.3333333333333328E-004
  0.41666666666666669        8.3333333333333328E-004
  0.41666666666666669        1.6666666666666666E-003
  0.33333333333333331        1.6666666666666666E-003
  0.33333333333333331        8.3333333333333328E-004

  0.41666666666666669        8.3333333333333328E-004
  0.50000000000000000        8.3333333333333328E-004
  0.50000000000000000        1.6666666666666666E-003
  0.41666666666666669        1.6666666666666666E-003
  0.41666666666666669        8.3333333333333328E-004

  0.50000000000000000        8.3333333333333328E-004
  0.58333333333333337        8.3333333333333328E-004
  0.58333333333333337        1.6666666666666666E-003
  0.50000000000000000        1.6666666666666666E-003
  0.50000000000000000        8.3333333333333328E-004

  0.58333333333333337        8.3333333333333328E-004
  0.66666666666666663        8.3333333333333328E-004
  0.66666666666666663        1.6666666666666666E-003
  0.58333333333333337        1.6666666666666666E-003
  0.58333333333333337        8.3333333333333328E-004

  0.66666666666666663        8.3333333333333328E-004
  0.75000000000000000        8.3333333333333328E-004
  0.75000000000000000        1.6666666666666666E-003
  0.66666666666666663        1.6666666666666666E-003
  0.66666666666666663        8.3333333333333328E-004

  0.75000000000000000        8.3333333333333328E-004
  0.83333333333333326        8.3333333333333328E-004
  0.83333333333333326        1.6666666666666666E-003
  0.75000000000000000        1.6666666666666666E-003
  0.75000000000000000        8.3333333333333328E-004

  0.83333333333333326        8.3333333333333328E-004
  0.91666666666666674        8.3333333333333328E-004
  0.91666666666666674        1.6666666666666666E-003
  0.83333333333333326        1.6666666666666666E-003
  0.83333333333333326        8.3333333333333328E-004

  0.91666666666666674        8.3333333333333328E-004
   1.0000000000000000        8.3333333333333328E-004
   1.0000000000000000        1.6666666666666666E-003
  0.91666666666666674        1.6666666666666666E-003
  0.91666666666666674        8.3333333333333328E-004

   0.0000000000000000        1.6666666666666666E-003
   8.3333333333333329E-002   1.6666666666666666E-003
   8.3333333333333329E-002   2.5000000000000001E-003
   0.0000000000000000        2.5000000000000001E-003
   0.0000000000000000        1.6666666666666666E-003

   8.3333333333333329E-002   1.6666666666666666E-003
  0.16666666666666666        1.6666666666666666E-003
  0.16666666666666666        2.5000000000000001E-003
   8.3333333333333329E-002   2.5000000000000001E-003
   8.3333333333333329E-002   1.6666666666666666E-003

  0.16666666666666666        1.6666666666666666E-003
  0.25000000000000000        1.6666666666666666E-003
  0.25000000000000000        2.5000000000000001E-003
  0.16666666666666666        2.5000000000000001E-003
  0.16666666666666666        1.6666666666666666E-003

  0.25000000000000000        1.6666666666666666E-003
  0.33333333333333331        1.6666666666666666E-003
  0.33333333333333331        2.5000000000000001E-003
  0.25000000000000000        2.5000000000000001E-003
  0.25000000000000000        1.6666666666666666E-003

  0.33333333333333331        1.6666666666666666E-003
  0.41666666666666669        1.6666666666666666E-003
  0.41666666666666669        2.5000000000000001E-003
  0.33333333333333331        2.5000000000000001E-003
  0.33333333333333331        1.6666666666666666E-003

  0.41666666666666669        1.6666666666666666E-003
  0.50000000000000000        1.6666666666666666E-003
  0.50000000000000000        2.5000000000000001E-003
  0.41666666666666669        2.5000000000000001E-003
  0.41666666666666669        1.6666666666666666E-003

  0.50000000000000000        1.6666666666666666E-003
  0.58333333333333337        1.6666666666666666E-003
  0.58333333333333337        2.5000000000000001E-003
  0.50000000000000000        2.5000000000000001E-003
  0.50000000000000000        1.6666666666666666E-003

  0.58333333333333337        1.6666666666666666E-003
  0.66666666666666663        1.6666666666666666E-003
  0.66666666666666663        2.5000000000000001E-003
  0.58333333333333337        2.5000000000000001E-003
  0.58333333333333337        1.6666666666666666E-003

  0.66666666666666663        1.6666666666666666E-003
  0.75000000000000000        1.6666666666666666E-003
  0.75000000000000000        2.5000000000000001E-003
  0.66666666666666663        2.5000000000000001E-003
  0.66666666666666663        1.6666666666666666E-003

  0.75000000000000000        1.6666666666666666E-003
  0.83333333333333326        1.6666666666666666E-003
  0.83333333333333326        2.5000000000000001E-003
  0.75000000000000000        2.5000000000000001E-003
  0.75000000000000000        1.6666666666666666E-003

  0.83333333333333326        1.6666666666666666E-003
  0.91666666666666674        1.6666666666666666E-003
  0.91666666666666674        2.5000000000000001E-003
  0.83333333333333326        2.5000000000000001E-003
  0.83333333333333326        1.6666666666666666E-003

  0.91666666666666674        1.6666666666666666E-003
   1.0000000000000000        1.6666666666666666E-003
   1.0000000000000000        2.5000000000000001E-003
  0.91666666666666674        2.5000000000000001E-003
  0.91666666666666674        1.6666666666666666E-003

   0.0000000000000000        2.5000000000000001E-003
   8.3333333333333329E-002   2.5000000000000001E-003
   8.3333333333333329E-002   3.0000000000000001E-003
   0.0000000000000000        3.0000000000000001E-003
   0.0000000000000000        2.5000000000000001E-003

   8.3333333333333329E-002   2.5000000000000001E-003
  0.16666666666666666        2.5000000000000001E-003
  0.16666666666666666        3.0000000000000001E-003
   8.3333333333333329E-002   3.0000000000000001E-003
   8.3333333333333329E-002   2.5000000000000001E-003

  0.16666666666666666        2.5000000000000001E-003
  0.25000000000000000        2.5000000000000001E-003
  0.25000000000000000        3.0000000000000001E-003
  0.16666666666666666        3.0000000000000001E-003
  0.16666666666666666        2.5000000000000001E-003

  0.25000000000000000        2.5000000000000001E-003
  0.33333333333333331        2.5000000000000001E-003
  0.33333333333333331        3.0000000000000001E-003
  0.25000000000000000        3.0000000000000001E-003
  0.25000000000000000        2.5000000000000001E-003

  0.33333333333333331        2.5000000000000001E-003
  0.41666666666666669        2.5000000000000001E-003
  0.41666666666666669        3.0000000000000001E-003
  0.33333333333333331        3.0000000000000001E-003
  0.33333333333333331        2.5000000000000001E-003

  0.41666666666666669        2.5000000000000001E-003
  0.50000000000000000        2.5000000000000001E-003
  0.50000000000000000        3.0000000000000001E-003
  0.41666666666666669        3.0000000000000001E-003
  0.41666666666666669        2.5000000000000001E-003

  0.50000000000000000        2.5000000000000001E-003
  0.58333333333333337        2.5000000000000001E-003
  0.58333333333333337        3.0000000000000001E-003
  0.50000000000000000        3.0000000000000001E-003
  0.50000000000000000        2.5000000000000001E-003

  0.58333333333333337        2.5000000000000001E-003
  0.66666666666666663        2.5000000000000001E-003
  0.66666666666666663        3.0000000000000001E-003
  0.58333333333333337        3.0000000000000001E-003
  0.58333333333333337        2.5000000000000001E-003

  0.66666666666666663        2.5000000000000001E-003
  0.75000000000000000        2.5000000000000001E-003
  0.75000000000000000        3.0000000000000001E-003
  0.66666666666666663        3.0000000000000001E-003
  0.66666666666666663        2.5000000000000001E-003

  0.75000000000000000        2.5000000000000001E-003
  0.83333333333333326        2.5000000000000001E-003
  0.83333333333333326        3.0000000000000001E-003
  0.75000000000000000        3.0000000000000001E-003
  0.75000000000000000        2.5000000000000001E-003

  0.83333333333333326        2.5000000000000001E-003
  0.91666666666666674        2.5000000000000001E-003
  0.91666666666666674        3.0000000000000001E-003
  0.83333333333333326        3.0000000000000001E-003
  0.83333333333333326        2.5000000000000001E-003

  0.91666666666666674        2.5000000000000001E-003
   1.0000000000000000        2.5000000000000001E-003
   1.0000000000000000        3.0000000000000001E-003
  0.91666666666666674        3.0000000000000001E-003
  0.91666666666666674        2.5000000000000001E-003

   0.0000000000000000        3.0000000000000001E-003
   8.3333333333333329E-002   3.0000000000000001E-003
   8.3333333333333329E-002   3.3333333333333331E-003
   0.0000000000000000        3.3333333333333331E-003
   0.0000000000000000        3.0000000000000001E-003

   8.3333333333333329E-002   3.0000000000000001E-003
  0.16666666666666666        3.0000000000000001E-003
  0.16666666666666666        3.3333333333333331E-003
   8.3333333333333329E-002   3.3333333333333331E-003
   8.3333333333333329E-002   3.0000000000000001E-003

  0.16666666666666666        3.0000000000000001E-003
  0.25000000000000000        3.0000000000000001E-003
  0.25000000000000000        3.3333333333333331E-003
  0.16666666666666666        3.3333333333333331E-003
  0.16666666666666666        3.0000000000000001E-003

  0.25000000000000000        3.0000000000000001E-003
  0.33333333333333331        3.0000000000000001E-003
  0.33333333333333331        3.3333333333333331E-003
  0.25000000000000000        3.3333333333333331E-003
  0.25000000000000000        3.0000000000000001E-003

  0.33333333333333331        3.0000000000000001E-003
  0.41666666666666669        3.0000000000000001E-003
  0.41666666666666669        3.3333333333333331E-003
  0.33333333333333331        3.3333333333333331E-003
  0.33333333333333331        3.0000000000000001E-003

  0.41666666666666669        3.0000000000000001E-003
  0.50000000000000000        3.0000000000000001E-003
  0.50000000000000000        3.3333333333333331E-003
  0.41666666666666669        3.3333333333333331E-003
  0.41666666666666669        3.0000000000000001E-003

  0.50000000000000000        3.0000000000000001E-003
  0.58333333333333337        3.0000000000000001E-003
  0.58333333333333337        3.3333333333333331E-003
  0.50000000000000000        3.3333333333333331E-003
  0.50000000000000000        3.0000000000000001E-003

  0.58333333333333337        3.0000000000000001E-003
  0.66666666666666663        3.0000000000000001E-003
  0.66666666666666663        3.3333333333333331E-003
  0.58333333333333337        3.3333333333333331E-003
  0.58333333333333337        3.0000000000000001E-003

  0.66666666666666663        3.0000000000000001E-003
  0.75000000000000000        3.0000000000000001E-003
  0.75000000000000000        3.3333333333333331E-003
  0.66666666666666663        3.3333333333333331E-003
  0.66666666666666663        3.0000000000000001E-003

  0.75000000000000000        3.0000000000000001E-003
  0.83333333333333326        3.0000000000000001E-003
  0.83333333333333326        3.3333333333333331E-003
  0.75000000000000000        3.3333333333333331E-003
  0.75000000000000000        3.0000000000000001E-003

  0.83333333333333326        3.0000000000000001E-003
  0.91666666666666674        3.0000000000000001E-003
  0.91666666666666674        3.3333333333333331E-003
  0.83333333333333326        3.3333333333333331E-003
  0.83333333333333326        3.0000000000000001E-003

  0.91666666666666674        3.0000000000000001E-003
   1.0000000000000000        3.0000000000000001E-003
   1.0000000000000000        3.3333333333333331E-003
  0.91666666666666674        3.3333333333333331E-003
  0.91666666666666674        3.0000000000000001E-003

   0.0000000000000000        3.3333333333333331E-003
   8.3333333333333329E-002   3.3333333333333331E-003
   8.3333333333333329E-002   4.0000000000000001E-003
   0.0000000000000000        4.0000000000000001E-003
   0.0000000000000000        3.3333333333333331E-003

   8.3333333333333329E-002   3.3333333333333331E-003
  0.16666666666666666        3.3333333333333331E-003
  0.16666666666666666        4.0000000000000001E-003
   8.3333333333333329E-002   4.0000000000000001E-003
   8.3333333333333329E-002   3.3333333333333331E-003

  0.16666666666666666        3.3333333333333331E-003
  0.25000000000000000        3.3333333333333331E-003
  0.25000000000000000        4.0000000000000001E-003
  0.16666666666666666        4.0000000000000001E-003
  0.16666666666666666        3.3333333333333331E-003

  0.25000000000000000        3.3333333333333331E-003
  0.33333333333333331        3.3333333333333331E-003
  0.33333333333333331        4.0000000000000001E-003
  0.25000000000000000        4.0000000000000001E-003
  0.25000000000000000        3.3333333333333331E-003

  0.33333333333333331        3.3333333333333331E-003
  0.41666666666666669        3.3333333333333331E-003
  0.41666666666666669        4.0000000000000001E-003
  0.33333333333333331        4.0000000000000001E-003
  0.33333333333333331        3.3333333333333331E-003

  0.41666666666666669        3.3333333333333331E-003
  0.50000000000000000        3.3333333333333331E-003
  0.50000000000000000        4.0000000000000001E-003
  0.41666666666666669        4.0000000000000001E-003
  0.41666666666666669        3.3333333333333331E-003

  0.50000000000000000        3.3333333333333331E-003
  0.58333333333333337        3.3333333333333331E-003
  0.58333333333333337        4.0000000000000001E-003
  0.50000000000000000        4.0000000000000001E-003
  0.50000000000000000        3.3333333333333331E-003

  0.58333333333333337        3.3333333333333331E-003
  0.66666666666666663        3.3333333333333331E-003
  0.66666666666666663        4.0000000000000001E-003
  0.58333333333333337        4.0000000000000001E-003
  0.58333333333333337        3.3333333333333331E-003

  0.66666666666666663        3.3333333333333331E-003
  0.75000000000000000        3.3333333333333331E-003
  0.75000000000000000        4.0000000000000001E-003
  0.66666666666666663        4.0000000000000001E-003
  0.66666666666666663        3.3333333333333331E-003

  0.75000000000000000        3.3333333333333331E-003
  0.83333333333333326        3.3333333333333331E-003
  0.83333333333333326        4.0000000000000001E-003
  0.75000000000000000        4.0000000000000001E-003
  0.75000000000000000        3.3333333333333331E-003

  0.83333333333333326        3.3333333333333331E-003
  0.91666666666666674        3.3333333333333331E-003
  0.91666666666666674        4.0000000000000001E-003
  0.83333333333333326        4.0000000000000001E-003
  0.83333333333333326        3.3333333333333331E-003

  0.91666666666666674        3.3333333333333331E-003
   1.0000000000000000        3.3333333333333331E-003
   1.0000000000000000        4.0000000000000001E-003
  0.91666666666666674        4.0000000000000001E-003
  0.91666666666666674        3.3333333333333331E-003

   0.0000000000000000        4.0000000000000001E-003
   8.3333333333333329E-002   4.0000000000000001E-003
   8.3333333333333329E-002   4.1666666666666666E-003
   0.0000000000000000        4.1666666666666666E-003
   0.0000000000000000        4.0000000000000001E-003

   8.3333333333333329E-002   4.0000000000000001E-003
  0.16666666666666666        4.0000000000000001E-003
  0.16666666666666666        4.1666666666666666E-003
   8.3333333333333329E-002   4.1666666666666666E-003
   8.3333333333333329E-002   4.0000000000000001E-003

  0.16666666666666666        4.0000000000000001E-003
  0.25000000000000000        4.0000000000000001E-003
  0.25000000000000000        4.1666666666666666E-003
  0.16666666666666666        4.1666666666666666E-003
  0.16666666666666666        4.0000000000000001E-003

  0.25000000000000000        4.0000000000000001E-003
  0.33333333333333331        4.0000000000000001E-003
  0.33333333333333331        4.1666666666666666E-003
  0.25000000000000000        4.1666666666666666E-003
  0.25000000000000000        4.0000000000000001E-003

  0.33333333333333331        4.0000000000000001E-003
  0.41666666666666669        4.0000000000000001E-003
  0.41666666666666669        4.1666666666666666E-003
  0.33333333333333331        4.1666666666666666E-003
  0.33333333333333331        4.0000000000000001E-003

  0.41666666666666669        4.0000000000000001E-003
  0.50000000000000000        4.0000000000000001E-003
  0.50000000000000000        4.1666666666666666E-003
  0.41666666666666669        4.1666666666666666E-003
  0.41666666666666669        4.0000000000000001E-003

  0.50000000000000000        4.0000000000000001E-003
  0.58333333333333337        4.0000000000000001E-003
  0.58333333333333337        4.1666666666666666E-003
  0.50000000000000000        4.1666666666666666E-003
  0.50000000000000000        4.0000000000000001E-003

  0.58333333333333337        4.0000000000000001E-003
  0.66666666666666663        4.0000000000000001E-003
  0.66666666666666663        4.1666666666666666E-003
  0.58333333333333337        4.1666666666666666E-003
  0.58333333333333337        4.0000000000000001E-003

  0.66666666666666663        4.0000000000000001E-003
  0.75000000000000000        4.0000000000000001E-003
  0.75000000000000000        4.1666666666666666E-003
  0.66666666666666663        4.1666666666666666E-003
  0.66666666666666663        4.0000000000000001E-003

  0.75000000000000000        4.0000000000000001E-003
  0.83333333333333326        4.0000000000000001E-003
  0.83333333333333326        4.1666666666666666E-003
  0.75000000000000000        4.1666666666666666E-003
  0.75000000000000000        4.0000000000000001E-003

  0.83333333333333326        4.0000000000000001E-003
  0.91666666666666674        4.0000000000000001E-003
  0.91666666666666674        4.1666666666666666E-003
  0.83333333333333326        4.1666666666666666E-003
  0.83333333333333326        4.0000000000000001E-003

  0.91666666666666674        4.0000000000000001E-003
   1.0000000000000000        4.0000000000000001E-003
   1.0000000000000000        4.1666666666666666E-003
  0.91666666666666674        4.1666666666666666E-003
  0.91666666666666674        4.0000000000000001E-003

   0.0000000000000000        4.1666666666666666E-003
   8.3333333333333329E-002   4.1666666666666666E-003
   8.3333333333333329E-002   5.0000000000000001E-003
   0.0000000000000000        5.0000000000000001E-003
   0.0000000000000000        4.1666666666666666E-003

   8.3333333333333329E-002   4.1666666666666666E-003
  0.16666666666666666        4.1666666666666666E-003
  0.16666666666666666        5.0000000000000001E-003
   8.3333333333333329E-002   5.0000000000000001E-003
   8.3333333333333329E-002   4.1666666666666666E-003

  0.16666666666666666        4.1666666666666666E-003
  0.25000000000000000        4.1666666666666666E-003
  0.25000000000000000        5.0000000000000001E-003
  0.16666666666666666        5.0000000000000001E-003
  0.16666666666666666        4.1666666666666666E-003

  0.25000000000000000        4.1666666666666666E-003
  0.33333333333333331        4.1666666666666666E-003
  0.33333333333333331        5.0000000000000001E-003
  0.25000000000000000        5.0000000000000001E-003
  0.25000000000000000        4.1666666666666666E-003

  0.33333333333333331        4.1666666666666666E-003
  0.41666666666666669        4.1666666666666666E-003
  0.41666666666666669        5.0000000000000001E-003
  0.33333333333333331        5.0000000000000001E-003
  0.33333333333333331        4.1666666666666666E-003

  0.41666666666666669        4.1666666666666666E-003
  0.50000000000000000        4.1666666666666666E-003
  0.50000000000000000        5.0000000000000001E-003
  0.41666666666666669        5.0000000000000001E-003
  0.41666666666666669        4.1666666666666666E-003

  0.50000000000000000        4.1666666666666666E-003
  0.58333333333333337        4.1666666666666666E-003
  0.58333333333333337        5.0000000000000001E-003
  0.50000000000000000        5.0000000000000001E-003
  0.50000000000000000        4.1666666666666666E-003

  0.58333333333333337        4.1666666666666666E-003
  0.66666666666666663        4.1666666666666666E-003
  0.66666666666666663        5.0000000000000001E-003
  0.58333333333333337        5.0000000000000001E-003
  0.58333333333333337        4.1666666666666666E-003

  0.66666666666666663        4.1666666666666666E-003
  0.75000000000000000        4.1666666666666666E-003
  0.75000000000000000        5.0000000000000001E-003
  0.66666666666666663        5.0000000000000001E-003
  0.66666666666666663        4.1666666666666666E-003

  0.75000000000000000        4.1666666666666666E-003
  0.83333333333333326        4.1666666666666666E-003
  0.83333333333333326        5.0000000000000001E-003
  0.75000000000000000        5.0000000000000001E-003
  0.75000000000000000        4.1666666666666666E-003

  0.83333333333333326        4.1666666666666666E-003
  0.91666666666666674        4.1666666666666666E-003
  0.91666666666666674        5.0000000000000001E-003
  0.83333333333333326        5.0000000000000001E-003
  0.83333333333333326        4.1666666666666666E-003

  0.91666666666666674        4.1666666666666666E-003
   1.0000000000000000        4.1666666666666666E-003
   1.0000000000000000        5.0000000000000001E-003
  0.91666666666666674        5.0000000000000001E-003
  0.91666666666666674        4.1666666666666666E-003

