           1           1           0           0
           1           1           1           0
           1           1           2           0
           1           1           3           0
           1           1           4           0
           1           1           5           0
           1           1           6           0
           1           1           7           0
           1           1           8           0
           1           1           9           0
           1           1          10           0
           1           1          11           0
           1           1          12           0
           1           1          13           0
           1           1          14           0
           1           1          15           0
           1           1          16           0
           1           1          17           0
           1           1          18           0
           1           1          19           0
           1           1          20           0
           1           1           0           1
           1           1           1           1
           1           1           2           1
           1           1           3           1
           1           1           4           1
           1           1           5           1
           1           1           6           1
           1           1           7           1
           1           1           8           1
           1           1           9           1
           1           1          10           1
           1           1          11           1
           1           1          12           1
           1           1          13           1
           1           1          14           1
           1           1          15           1
           1           1          16           1
           1           1          17           1
           1           1          18           1
           1           1          19           1
           1           1          20           1
           1           1           0           2
           1           1           1           2
           1           1           2           2
           1           1           3           2
           1           1           4           2
           1           1           5           2
           1           1           6           2
           1           1           7           2
           1           1           8           2
           1           1           9           2
           1           1          10           2
           1           1          11           2
           1           1          12           2
           1           1          13           2
           1           1          14           2
           1           1          15           2
           1           1          16           2
           1           1          17           2
           1           1          18           2
           1           1          19           2
           1           1          20           2
           1           1           0           3
           1           1           1           3
           1           1           2           3
           1           1           3           3
           1           1           4           3
           1           1           5           3
           1           1           6           3
           1           1           7           3
           1           1           8           3
           1           1           9           3
           1           1          10           3
           1           1          11           3
           1           1          12           3
           1           1          13           3
           1           1          14           3
           1           1          15           3
           1           1          16           3
           1           1          17           3
           1           1          18           3
           1           1          19           3
           1           1          20           3
           1           1           0           4
           1           1           1           4
           1           1           2           4
           1           1           3           4
           1           1           4           4
           1           1           5           4
           1           1           6           4
           1           1           7           4
           1           1           8           4
           1           1           9           4
           1           1          10           4
           1           1          11           4
           1           1          12           4
           1           1          13           4
           1           1          14           4
           1           1          15           4
           1           1          16           4
           1           1          17           4
           1           1          18           4
           1           1          19           4
           1           1          20           4
           1           1           0           5
           1           1           1           5
           1           1           2           5
           1           1           3           5
           1           1           4           5
           1           1           5           5
           1           1           6           5
           1           1           7           5
           1           1           8           5
           1           1           9           5
           1           1          10           5
           1           1          11           5
           1           1          12           5
           1           1          13           5
           1           1          14           5
           1           1          15           5
           1           1          16           5
           1           1          17           5
           1           1          18           5
           1           1          19           5
           1           1          20           5
           1           1           0           6
           1           1           1           6
           1           1           2           6
           1           1           3           6
           1           1           4           6
           1           1           5           6
           1           1           6           6
           1           1           7           6
           1           1           8           6
           1           1           9           6
           1           1          10           6
           1           1          11           6
           1           1          12           6
           1           1          13           6
           1           1          14           6
           1           1          15           6
           1           1          16           6
           1           1          17           6
           1           1          18           6
           1           1          19           6
           1           1          20           6
           1           1           0           7
           1           1           1           7
           1           1           2           7
           1           1           3           7
           1           1           4           7
           1           1           5           7
           1           1           6           7
           1           1           7           7
           1           1           8           7
           1           1           9           7
           1           1          10           7
           1           1          11           7
           1           1          12           7
           1           1          13           7
           1           1          14           7
           1           1          15           7
           1           1          16           7
           1           1          17           7
           1           1          18           7
           1           1          19           7
           1           1          20           7
           1           1           0           8
           1           1           1           8
           1           1           2           8
           1           1           3           8
           1           1           4           8
           1           1           5           8
           1           1           6           8
           1           1           7           8
           1           1           8           8
           1           1           9           8
           1           1          10           8
           1           1          11           8
           1           1          12           8
           1           1          13           8
           1           1          14           8
           1           1          15           8
           1           1          16           8
           1           1          17           8
           1           1          18           8
           1           1          19           8
           1           1          20           8
           1           1           0           9
           1           1           1           9
           1           1           2           9
           1           1           3           9
           1           1           4           9
           1           1           5           9
           1           1           6           9
           1           1           7           9
           1           1           8           9
           1           1           9           9
           1           1          10           9
           1           1          11           9
           1           1          12           9
           1           1          13           9
           1           1          14           9
           1           1          15           9
           1           1          16           9
           1           1          17           9
           1           1          18           9
           1           1          19           9
           1           1          20           9
           1           1           0          10
           1           1           1          10
           1           1           2          10
           1           1           3          10
           1           1           4          10
           1           1           5          10
           1           1           6          10
           1           1           7          10
           1           1           8          10
           1           1           9          10
           1           1          10          10
           1           1          11          10
           1           1          12          10
           1           1          13          10
           1           1          14          10
           1           1          15          10
           1           1          16          10
           1           1          17          10
           1           1          18          10
           1           1          19          10
           1           1          20          10
           1           2           0           0
           1           2           1           0
           1           2           2           0
           1           2           3           0
           1           2           4           0
           1           2           5           0
           1           2           6           0
           1           2           7           0
           1           2           8           0
           1           2           9           0
           1           2           0           1
           1           2           1           1
           1           2           2           1
           1           2           3           1
           1           2           4           1
           1           2           5           1
           1           2           6           1
           1           2           7           1
           1           2           8           1
           1           2           9           1
           1           2           0           2
           1           2           1           2
           1           2           2           2
           1           2           3           2
           1           2           4           2
           1           2           5           2
           1           2           6           2
           1           2           7           2
           1           2           8           2
           1           2           9           2
           1           2           0           3
           1           2           1           3
           1           2           2           3
           1           2           3           3
           1           2           4           3
           1           2           5           3
           1           2           6           3
           1           2           7           3
           1           2           8           3
           1           2           9           3
           1           2           0           4
           1           2           1           4
           1           2           2           4
           1           2           3           4
           1           2           4           4
           1           2           5           4
           1           2           6           4
           1           2           7           4
           1           2           8           4
           1           2           9           4
           1           2           0           5
           1           2           1           5
           1           2           2           5
           1           2           3           5
           1           2           4           5
           1           2           5           5
           1           2           6           5
           1           2           7           5
           1           2           8           5
           1           2           9           5
           1           2           0           6
           1           2           1           6
           1           2           2           6
           1           2           3           6
           1           2           4           6
           1           2           5           6
           1           2           6           6
           1           2           7           6
           1           2           8           6
           1           2           9           6
           1           2           0           7
           1           2           1           7
           1           2           2           7
           1           2           3           7
           1           2           4           7
           1           2           5           7
           1           2           6           7
           1           2           7           7
           1           2           8           7
           1           2           9           7
           1           2           0           8
           1           2           1           8
           1           2           2           8
           1           2           3           8
           1           2           4           8
           1           2           5           8
           1           2           6           8
           1           2           7           8
           1           2           8           8
           1           2           9           8
           1           2           0           9
           1           2           1           9
           1           2           2           9
           1           2           3           9
           1           2           4           9
           1           2           5           9
           1           2           6           9
           1           2           7           9
           1           2           8           9
           1           2           9           9
           1           2           0          10
           1           2           1          10
           1           2           2          10
           1           2           3          10
           1           2           4          10
           1           2           5          10
           1           2           6          10
           1           2           7          10
           1           2           8          10
           1           2           9          10
           1           3           0           0
           1           3           1           0
           1           3           2           0
           1           3           3           0
           1           3           4           0
           1           3           5           0
           1           3           6           0
           1           3           7           0
           1           3           8           0
           1           3           9           0
           1           3          10           0
           1           3          11           0
           1           3          12           0
           1           3          13           0
           1           3          14           0
           1           3          15           0
           1           3          16           0
           1           3          17           0
           1           3          18           0
           1           3          19           0
           1           3           0           1
           1           3           1           1
           1           3           2           1
           1           3           3           1
           1           3           4           1
           1           3           5           1
           1           3           6           1
           1           3           7           1
           1           3           8           1
           1           3           9           1
           1           3          10           1
           1           3          11           1
           1           3          12           1
           1           3          13           1
           1           3          14           1
           1           3          15           1
           1           3          16           1
           1           3          17           1
           1           3          18           1
           1           3          19           1
           1           3           0           2
           1           3           1           2
           1           3           2           2
           1           3           3           2
           1           3           4           2
           1           3           5           2
           1           3           6           2
           1           3           7           2
           1           3           8           2
           1           3           9           2
           1           3          10           2
           1           3          11           2
           1           3          12           2
           1           3          13           2
           1           3          14           2
           1           3          15           2
           1           3          16           2
           1           3          17           2
           1           3          18           2
           1           3          19           2
           1           3           0           3
           1           3           1           3
           1           3           2           3
           1           3           3           3
           1           3           4           3
           1           3           5           3
           1           3           6           3
           1           3           7           3
           1           3           8           3
           1           3           9           3
           1           3          10           3
           1           3          11           3
           1           3          12           3
           1           3          13           3
           1           3          14           3
           1           3          15           3
           1           3          16           3
           1           3          17           3
           1           3          18           3
           1           3          19           3
           1           3           0           4
           1           3           1           4
           1           3           2           4
           1           3           3           4
           1           3           4           4
           1           3           5           4
           1           3           6           4
           1           3           7           4
           1           3           8           4
           1           3           9           4
           1           3          10           4
           1           3          11           4
           1           3          12           4
           1           3          13           4
           1           3          14           4
           1           3          15           4
           1           3          16           4
           1           3          17           4
           1           3          18           4
           1           3          19           4
           1           3           0           5
           1           3           1           5
           1           3           2           5
           1           3           3           5
           1           3           4           5
           1           3           5           5
           1           3           6           5
           1           3           7           5
           1           3           8           5
           1           3           9           5
           1           3          10           5
           1           3          11           5
           1           3          12           5
           1           3          13           5
           1           3          14           5
           1           3          15           5
           1           3          16           5
           1           3          17           5
           1           3          18           5
           1           3          19           5
           1           3           0           6
           1           3           1           6
           1           3           2           6
           1           3           3           6
           1           3           4           6
           1           3           5           6
           1           3           6           6
           1           3           7           6
           1           3           8           6
           1           3           9           6
           1           3          10           6
           1           3          11           6
           1           3          12           6
           1           3          13           6
           1           3          14           6
           1           3          15           6
           1           3          16           6
           1           3          17           6
           1           3          18           6
           1           3          19           6
           1           3           0           7
           1           3           1           7
           1           3           2           7
           1           3           3           7
           1           3           4           7
           1           3           5           7
           1           3           6           7
           1           3           7           7
           1           3           8           7
           1           3           9           7
           1           3          10           7
           1           3          11           7
           1           3          12           7
           1           3          13           7
           1           3          14           7
           1           3          15           7
           1           3          16           7
           1           3          17           7
           1           3          18           7
           1           3          19           7
           1           3           0           8
           1           3           1           8
           1           3           2           8
           1           3           3           8
           1           3           4           8
           1           3           5           8
           1           3           6           8
           1           3           7           8
           1           3           8           8
           1           3           9           8
           1           3          10           8
           1           3          11           8
           1           3          12           8
           1           3          13           8
           1           3          14           8
           1           3          15           8
           1           3          16           8
           1           3          17           8
           1           3          18           8
           1           3          19           8
           1           3           0           9
           1           3           1           9
           1           3           2           9
           1           3           3           9
           1           3           4           9
           1           3           5           9
           1           3           6           9
           1           3           7           9
           1           3           8           9
           1           3           9           9
           1           3          10           9
           1           3          11           9
           1           3          12           9
           1           3          13           9
           1           3          14           9
           1           3          15           9
           1           3          16           9
           1           3          17           9
           1           3          18           9
           1           3          19           9
           1           3           0          10
           1           3           1          10
           1           3           2          10
           1           3           3          10
           1           3           4          10
           1           3           5          10
           1           3           6          10
           1           3           7          10
           1           3           8          10
           1           3           9          10
           1           3          10          10
           1           3          11          10
           1           3          12          10
           1           3          13          10
           1           3          14          10
           1           3          15          10
           1           3          16          10
           1           3          17          10
           1           3          18          10
           1           3          19          10
