  0.54999999999999993        0.0000000000000000     
  0.54999999999999993       -1.3471114790620883E-016
  0.44999999999999996       -1.1021821192326178E-016
  0.44999999999999996        0.0000000000000000     
  0.54999999999999993        0.0000000000000000     

  0.44999999999999996        0.0000000000000000     
  0.44999999999999996       -1.1021821192326178E-016
  0.34999999999999998       -8.5725275940314720E-017
  0.34999999999999998        0.0000000000000000     
  0.44999999999999996        0.0000000000000000     

  0.34999999999999998        0.0000000000000000     
  0.34999999999999998       -8.5725275940314720E-017
   0.0000000000000000       -0.0000000000000000     
   0.0000000000000000        0.0000000000000000     
  0.34999999999999998        0.0000000000000000     

  0.94999999999999996        0.0000000000000000     
  0.94999999999999996       -2.3268289183799709E-016
  0.84999999999999998       -2.0818995585505003E-016
  0.84999999999999998        0.0000000000000000     
  0.94999999999999996        0.0000000000000000     

  0.84999999999999998        0.0000000000000000     
  0.84999999999999998       -2.0818995585505003E-016
  0.75000000000000000       -1.8369701987210297E-016
  0.75000000000000000        0.0000000000000000     
  0.84999999999999998        0.0000000000000000     

  0.75000000000000000        0.0000000000000000     
  0.75000000000000000       -1.8369701987210297E-016
  0.54999999999999993       -1.3471114790620883E-016
  0.54999999999999993        0.0000000000000000     
  0.75000000000000000        0.0000000000000000     

  0.54999999999999993        0.0000000000000000     
  0.54999999999999993       -1.3471114790620883E-016
  0.44999999999999996       -1.1021821192326178E-016
  0.44999999999999996        0.0000000000000000     
  0.54999999999999993        0.0000000000000000     

  0.44999999999999996        0.0000000000000000     
  0.44999999999999996       -1.1021821192326178E-016
  0.34999999999999987       -8.5725275940314695E-017
  0.34999999999999987        0.0000000000000000     
  0.44999999999999996        0.0000000000000000     

   1.0000000000000000        0.0000000000000000     
  -1.0000000000000000        1.2246467991473532E-016
 -0.94999999999999996        1.1634144591899854E-016
  0.94999999999999996        0.0000000000000000     
   1.0000000000000000        0.0000000000000000     

  -1.0000000000000000        1.2246467991473532E-016
   1.0000000000000000       -2.4492935982947064E-016
  0.94999999999999996       -2.3268289183799709E-016
 -0.94999999999999996        1.1634144591899854E-016
  -1.0000000000000000        1.2246467991473532E-016

  0.94999999999999996        0.0000000000000000     
 -0.94999999999999996        1.1634144591899854E-016
 -0.84999999999999998        1.0409497792752501E-016
  0.84999999999999998        0.0000000000000000     
  0.94999999999999996        0.0000000000000000     

 -0.94999999999999996        1.1634144591899854E-016
  0.94999999999999996       -2.3268289183799709E-016
  0.84999999999999998       -2.0818995585505003E-016
 -0.84999999999999998        1.0409497792752501E-016
 -0.94999999999999996        1.1634144591899854E-016

  0.84999999999999998        0.0000000000000000     
 -0.84999999999999998        1.0409497792752501E-016
 -0.75000000000000000        9.1848509936051484E-017
  0.75000000000000000        0.0000000000000000     
  0.84999999999999998        0.0000000000000000     

 -0.84999999999999998        1.0409497792752501E-016
  0.84999999999999998       -2.0818995585505003E-016
  0.75000000000000000       -1.8369701987210297E-016
 -0.75000000000000000        9.1848509936051484E-017
 -0.84999999999999998        1.0409497792752501E-016

