           1           3           0           0          12         342
           1           3           9           0          12         351
           1           3          10           0          12         352
           1           3          11           0          12         353
           1           3          12           0          12         354
           1           3          13           0          12         355
           1           3          14           0          12         356
           1           3          15           0          12         357
           1           3          16           0          12         358
           1           3          17           0          12         359
           1           3          18           0          12         360
           1           3          19           0          12         361
