   0.0000000000000000        0.0000000000000000     
  0.11111111111111110        0.0000000000000000     
  0.11111111111111110       0.89442719099991586     
   0.0000000000000000       0.89442719099991586     
   0.0000000000000000        0.0000000000000000     

  0.11111111111111110        0.0000000000000000     
  0.22222222222222221        0.0000000000000000     
  0.22222222222222221       0.89442719099991586     
  0.11111111111111110       0.89442719099991586     
  0.11111111111111110        0.0000000000000000     

  0.22222222222222221        0.0000000000000000     
  0.33333333333333331        0.0000000000000000     
  0.33333333333333331       0.89442719099991586     
  0.22222222222222221       0.89442719099991586     
  0.22222222222222221        0.0000000000000000     

  0.33333333333333331        0.0000000000000000     
  0.44444444444444442        0.0000000000000000     
  0.44444444444444442       0.89442719099991586     
  0.33333333333333331       0.89442719099991586     
  0.33333333333333331        0.0000000000000000     

  0.44444444444444442        0.0000000000000000     
  0.55555555555555558        0.0000000000000000     
  0.55555555555555558       0.89442719099991586     
  0.44444444444444442       0.89442719099991586     
  0.44444444444444442        0.0000000000000000     

  0.55555555555555558        0.0000000000000000     
  0.66666666666666663        0.0000000000000000     
  0.66666666666666663       0.89442719099991586     
  0.55555555555555558       0.89442719099991586     
  0.55555555555555558        0.0000000000000000     

  0.66666666666666663        0.0000000000000000     
  0.77777777777777779        0.0000000000000000     
  0.77777777777777779       0.89442719099991586     
  0.66666666666666663       0.89442719099991586     
  0.66666666666666663        0.0000000000000000     

  0.77777777777777779        0.0000000000000000     
  0.88888888888888884        0.0000000000000000     
  0.88888888888888884       0.89442719099991586     
  0.77777777777777779       0.89442719099991586     
  0.77777777777777779        0.0000000000000000     

  0.88888888888888884        0.0000000000000000     
   1.0000000000000000        0.0000000000000000     
   1.0000000000000000       0.89442719099991586     
  0.88888888888888884       0.89442719099991586     
  0.88888888888888884        0.0000000000000000     

   0.0000000000000000       0.89442719099991586     
  0.11111111111111110       0.89442719099991586     
  0.11111111111111110        1.0000000000000000     
   0.0000000000000000        1.0000000000000000     
   0.0000000000000000       0.89442719099991586     

  0.11111111111111110       0.89442719099991586     
  0.22222222222222221       0.89442719099991586     
  0.22222222222222221        1.0000000000000000     
  0.11111111111111110        1.0000000000000000     
  0.11111111111111110       0.89442719099991586     

  0.22222222222222221       0.89442719099991586     
  0.33333333333333331       0.89442719099991586     
  0.33333333333333331        1.0000000000000000     
  0.22222222222222221        1.0000000000000000     
  0.22222222222222221       0.89442719099991586     

  0.33333333333333331       0.89442719099991586     
  0.44444444444444442       0.89442719099991586     
  0.44444444444444442        1.0000000000000000     
  0.33333333333333331        1.0000000000000000     
  0.33333333333333331       0.89442719099991586     

  0.44444444444444442       0.89442719099991586     
  0.55555555555555558       0.89442719099991586     
  0.55555555555555558        1.0000000000000000     
  0.44444444444444442        1.0000000000000000     
  0.44444444444444442       0.89442719099991586     

  0.55555555555555558       0.89442719099991586     
  0.66666666666666663       0.89442719099991586     
  0.66666666666666663        1.0000000000000000     
  0.55555555555555558        1.0000000000000000     
  0.55555555555555558       0.89442719099991586     

  0.66666666666666663       0.89442719099991586     
  0.77777777777777779       0.89442719099991586     
  0.77777777777777779        1.0000000000000000     
  0.66666666666666663        1.0000000000000000     
  0.66666666666666663       0.89442719099991586     

  0.77777777777777779       0.89442719099991586     
  0.88888888888888884       0.89442719099991586     
  0.88888888888888884        1.0000000000000000     
  0.77777777777777779        1.0000000000000000     
  0.77777777777777779       0.89442719099991586     

  0.88888888888888884       0.89442719099991586     
   1.0000000000000000       0.89442719099991586     
   1.0000000000000000        1.0000000000000000     
  0.88888888888888884        1.0000000000000000     
  0.88888888888888884       0.89442719099991586     

   0.0000000000000000       0.89442719099991586     
  0.11111111111111110       0.89442719099991586     
  0.11111111111111110       0.96609178307929588     
   0.0000000000000000       0.96609178307929588     
   0.0000000000000000       0.89442719099991586     

  0.11111111111111110       0.89442719099991586     
  0.11111111111111119       0.89442719099991586     
  0.11111111111111119       0.96609178307929588     
  0.11111111111111110       0.96609178307929588     
  0.11111111111111110       0.89442719099991586     

  0.11111111111111119       0.89442719099991586     
  0.22222222222222221       0.89442719099991586     
  0.22222222222222221       0.96609178307929588     
  0.11111111111111119       0.96609178307929588     
  0.11111111111111119       0.89442719099991586     

  0.22222222222222221       0.89442719099991586     
  0.22222222222222229       0.89442719099991586     
  0.22222222222222229       0.96609178307929588     
  0.22222222222222221       0.96609178307929588     
  0.22222222222222221       0.89442719099991586     

  0.22222222222222229       0.89442719099991586     
  0.33333333333333331       0.89442719099991586     
  0.33333333333333331       0.96609178307929588     
  0.22222222222222229       0.96609178307929588     
  0.22222222222222229       0.89442719099991586     

  0.33333333333333331       0.89442719099991586     
  0.33333333333333348       0.89442719099991586     
  0.33333333333333348       0.96609178307929588     
  0.33333333333333331       0.96609178307929588     
  0.33333333333333331       0.89442719099991586     

  0.33333333333333348       0.89442719099991586     
  0.44444444444444442       0.89442719099991586     
  0.44444444444444442       0.96609178307929588     
  0.33333333333333348       0.96609178307929588     
  0.33333333333333348       0.89442719099991586     

  0.44444444444444442       0.89442719099991586     
  0.44444444444444453       0.89442719099991586     
  0.44444444444444453       0.96609178307929588     
  0.44444444444444442       0.96609178307929588     
  0.44444444444444442       0.89442719099991586     

  0.44444444444444453       0.89442719099991586     
  0.55555555555555558       0.89442719099991586     
  0.55555555555555558       0.96609178307929588     
  0.44444444444444453       0.96609178307929588     
  0.44444444444444453       0.89442719099991586     

  0.55555555555555558       0.89442719099991586     
  0.66666666666666663       0.89442719099991586     
  0.66666666666666663       0.96609178307929588     
  0.55555555555555558       0.96609178307929588     
  0.55555555555555558       0.89442719099991586     

  0.66666666666666663       0.89442719099991586     
  0.77777777777777779       0.89442719099991586     
  0.77777777777777779       0.96609178307929588     
  0.66666666666666663       0.96609178307929588     
  0.66666666666666663       0.89442719099991586     

  0.77777777777777779       0.89442719099991586     
  0.88888888888888884       0.89442719099991586     
  0.88888888888888884       0.96609178307929588     
  0.77777777777777779       0.96609178307929588     
  0.77777777777777779       0.89442719099991586     

  0.88888888888888884       0.89442719099991586     
   1.0000000000000000       0.89442719099991586     
   1.0000000000000000       0.96609178307929588     
  0.88888888888888884       0.96609178307929588     
  0.88888888888888884       0.89442719099991586     

   0.0000000000000000       0.96609178307929588     
  0.11111111111111110       0.96609178307929588     
  0.11111111111111110        1.0000000000000000     
   0.0000000000000000        1.0000000000000000     
   0.0000000000000000       0.96609178307929588     

  0.11111111111111110       0.96609178307929588     
  0.11111111111111119       0.96609178307929588     
  0.11111111111111119        1.0000000000000000     
  0.11111111111111110        1.0000000000000000     
  0.11111111111111110       0.96609178307929588     

  0.11111111111111119       0.96609178307929588     
  0.22222222222222221       0.96609178307929588     
  0.22222222222222221        1.0000000000000000     
  0.11111111111111119        1.0000000000000000     
  0.11111111111111119       0.96609178307929588     

  0.22222222222222221       0.96609178307929588     
  0.22222222222222229       0.96609178307929588     
  0.22222222222222229        1.0000000000000000     
  0.22222222222222221        1.0000000000000000     
  0.22222222222222221       0.96609178307929588     

  0.22222222222222229       0.96609178307929588     
  0.33333333333333331       0.96609178307929588     
  0.33333333333333331        1.0000000000000000     
  0.22222222222222229        1.0000000000000000     
  0.22222222222222229       0.96609178307929588     

  0.33333333333333331       0.96609178307929588     
  0.33333333333333348       0.96609178307929588     
  0.33333333333333348        1.0000000000000000     
  0.33333333333333331        1.0000000000000000     
  0.33333333333333331       0.96609178307929588     

  0.33333333333333348       0.96609178307929588     
  0.44444444444444442       0.96609178307929588     
  0.44444444444444442        1.0000000000000000     
  0.33333333333333348        1.0000000000000000     
  0.33333333333333348       0.96609178307929588     

  0.44444444444444442       0.96609178307929588     
  0.44444444444444453       0.96609178307929588     
  0.44444444444444453        1.0000000000000000     
  0.44444444444444442        1.0000000000000000     
  0.44444444444444442       0.96609178307929588     

  0.44444444444444453       0.96609178307929588     
  0.55555555555555558       0.96609178307929588     
  0.55555555555555558        1.0000000000000000     
  0.44444444444444453        1.0000000000000000     
  0.44444444444444453       0.96609178307929588     

  0.55555555555555558       0.96609178307929588     
  0.66666666666666663       0.96609178307929588     
  0.66666666666666663        1.0000000000000000     
  0.55555555555555558        1.0000000000000000     
  0.55555555555555558       0.96609178307929588     

  0.66666666666666663       0.96609178307929588     
  0.77777777777777779       0.96609178307929588     
  0.77777777777777779        1.0000000000000000     
  0.66666666666666663        1.0000000000000000     
  0.66666666666666663       0.96609178307929588     

  0.77777777777777779       0.96609178307929588     
  0.88888888888888884       0.96609178307929588     
  0.88888888888888884        1.0000000000000000     
  0.77777777777777779        1.0000000000000000     
  0.77777777777777779       0.96609178307929588     

  0.88888888888888884       0.96609178307929588     
   1.0000000000000000       0.96609178307929588     
   1.0000000000000000        1.0000000000000000     
  0.88888888888888884        1.0000000000000000     
  0.88888888888888884       0.96609178307929588     

   0.0000000000000000       0.89442719099991586     
  0.11111111111111110       0.89442719099991586     
  0.11111111111111110       0.96609178307929588     
   0.0000000000000000       0.96609178307929588     
   0.0000000000000000       0.89442719099991586     

  0.11111111111111110       0.89442719099991586     
  0.11111111111111119       0.89442719099991586     
  0.11111111111111119       0.96609178307929588     
  0.11111111111111110       0.96609178307929588     
  0.11111111111111110       0.89442719099991586     

  0.11111111111111119       0.89442719099991586     
  0.22222222222222221       0.89442719099991586     
  0.22222222222222221       0.96609178307929588     
  0.11111111111111119       0.96609178307929588     
  0.11111111111111119       0.89442719099991586     

  0.22222222222222221       0.89442719099991586     
  0.22222222222222229       0.89442719099991586     
  0.22222222222222229       0.96609178307929588     
  0.22222222222222221       0.96609178307929588     
  0.22222222222222221       0.89442719099991586     

  0.22222222222222229       0.89442719099991586     
  0.33333333333333331       0.89442719099991586     
  0.33333333333333331       0.96609178307929588     
  0.22222222222222229       0.96609178307929588     
  0.22222222222222229       0.89442719099991586     

  0.33333333333333331       0.89442719099991586     
  0.33333333333333348       0.89442719099991586     
  0.33333333333333348       0.96609178307929588     
  0.33333333333333331       0.96609178307929588     
  0.33333333333333331       0.89442719099991586     

  0.33333333333333348       0.89442719099991586     
  0.44444444444444442       0.89442719099991586     
  0.44444444444444442       0.96609178307929588     
  0.33333333333333348       0.96609178307929588     
  0.33333333333333348       0.89442719099991586     

  0.44444444444444442       0.89442719099991586     
  0.44444444444444453       0.89442719099991586     
  0.44444444444444453       0.96609178307929588     
  0.44444444444444442       0.96609178307929588     
  0.44444444444444442       0.89442719099991586     

  0.44444444444444453       0.89442719099991586     
  0.55555555555555558       0.89442719099991586     
  0.55555555555555558       0.96609178307929588     
  0.44444444444444453       0.96609178307929588     
  0.44444444444444453       0.89442719099991586     

  0.55555555555555558       0.89442719099991586     
  0.66666666666666663       0.89442719099991586     
  0.66666666666666663       0.96609178307929588     
  0.55555555555555558       0.96609178307929588     
  0.55555555555555558       0.89442719099991586     

  0.66666666666666663       0.89442719099991586     
  0.77777777777777779       0.89442719099991586     
  0.77777777777777779       0.96609178307929588     
  0.66666666666666663       0.96609178307929588     
  0.66666666666666663       0.89442719099991586     

  0.77777777777777779       0.89442719099991586     
  0.88888888888888884       0.89442719099991586     
  0.88888888888888884       0.96609178307929588     
  0.77777777777777779       0.96609178307929588     
  0.77777777777777779       0.89442719099991586     

  0.88888888888888884       0.89442719099991586     
   1.0000000000000000       0.89442719099991586     
   1.0000000000000000       0.96609178307929588     
  0.88888888888888884       0.96609178307929588     
  0.88888888888888884       0.89442719099991586     

   0.0000000000000000       0.96609178307929588     
  0.11111111111111110       0.96609178307929588     
  0.11111111111111110        1.0000000000000000     
   0.0000000000000000        1.0000000000000000     
   0.0000000000000000       0.96609178307929588     

  0.11111111111111110       0.96609178307929588     
  0.11111111111111119       0.96609178307929588     
  0.11111111111111119        1.0000000000000000     
  0.11111111111111110        1.0000000000000000     
  0.11111111111111110       0.96609178307929588     

  0.11111111111111119       0.96609178307929588     
  0.22222222222222221       0.96609178307929588     
  0.22222222222222221        1.0000000000000000     
  0.11111111111111119        1.0000000000000000     
  0.11111111111111119       0.96609178307929588     

  0.22222222222222221       0.96609178307929588     
  0.22222222222222229       0.96609178307929588     
  0.22222222222222229        1.0000000000000000     
  0.22222222222222221        1.0000000000000000     
  0.22222222222222221       0.96609178307929588     

  0.22222222222222229       0.96609178307929588     
  0.33333333333333331       0.96609178307929588     
  0.33333333333333331        1.0000000000000000     
  0.22222222222222229        1.0000000000000000     
  0.22222222222222229       0.96609178307929588     

  0.33333333333333331       0.96609178307929588     
  0.33333333333333348       0.96609178307929588     
  0.33333333333333348        1.0000000000000000     
  0.33333333333333331        1.0000000000000000     
  0.33333333333333331       0.96609178307929588     

  0.33333333333333348       0.96609178307929588     
  0.44444444444444442       0.96609178307929588     
  0.44444444444444442        1.0000000000000000     
  0.33333333333333348        1.0000000000000000     
  0.33333333333333348       0.96609178307929588     

  0.44444444444444442       0.96609178307929588     
  0.44444444444444453       0.96609178307929588     
  0.44444444444444453        1.0000000000000000     
  0.44444444444444442        1.0000000000000000     
  0.44444444444444442       0.96609178307929588     

  0.44444444444444453       0.96609178307929588     
  0.55555555555555558       0.96609178307929588     
  0.55555555555555558        1.0000000000000000     
  0.44444444444444453        1.0000000000000000     
  0.44444444444444453       0.96609178307929588     

  0.55555555555555558       0.96609178307929588     
  0.66666666666666663       0.96609178307929588     
  0.66666666666666663        1.0000000000000000     
  0.55555555555555558        1.0000000000000000     
  0.55555555555555558       0.96609178307929588     

  0.66666666666666663       0.96609178307929588     
  0.77777777777777779       0.96609178307929588     
  0.77777777777777779        1.0000000000000000     
  0.66666666666666663        1.0000000000000000     
  0.66666666666666663       0.96609178307929588     

  0.77777777777777779       0.96609178307929588     
  0.88888888888888884       0.96609178307929588     
  0.88888888888888884        1.0000000000000000     
  0.77777777777777779        1.0000000000000000     
  0.77777777777777779       0.96609178307929588     

  0.88888888888888884       0.96609178307929588     
   1.0000000000000000       0.96609178307929588     
   1.0000000000000000        1.0000000000000000     
  0.88888888888888884        1.0000000000000000     
  0.88888888888888884       0.96609178307929588     

   0.0000000000000000        0.0000000000000000     
  0.11111111111111110        0.0000000000000000     
  0.11111111111111110       0.11111111111111110     
   0.0000000000000000       0.11111111111111110     
   0.0000000000000000        0.0000000000000000     

  0.11111111111111110        0.0000000000000000     
  0.22222222222222221        0.0000000000000000     
  0.22222222222222221       0.11111111111111110     
  0.11111111111111110       0.11111111111111110     
  0.11111111111111110        0.0000000000000000     

  0.22222222222222221        0.0000000000000000     
  0.33333333333333331        0.0000000000000000     
  0.33333333333333331       0.11111111111111110     
  0.22222222222222221       0.11111111111111110     
  0.22222222222222221        0.0000000000000000     

  0.33333333333333331        0.0000000000000000     
  0.44444444444444442        0.0000000000000000     
  0.44444444444444442       0.11111111111111110     
  0.33333333333333331       0.11111111111111110     
  0.33333333333333331        0.0000000000000000     

  0.44444444444444442        0.0000000000000000     
  0.55555555555555558        0.0000000000000000     
  0.55555555555555558       0.11111111111111110     
  0.44444444444444442       0.11111111111111110     
  0.44444444444444442        0.0000000000000000     

  0.55555555555555558        0.0000000000000000     
  0.66666666666666663        0.0000000000000000     
  0.66666666666666663       0.11111111111111110     
  0.55555555555555558       0.11111111111111110     
  0.55555555555555558        0.0000000000000000     

  0.66666666666666663        0.0000000000000000     
  0.77777777777777779        0.0000000000000000     
  0.77777777777777779       0.11111111111111110     
  0.66666666666666663       0.11111111111111110     
  0.66666666666666663        0.0000000000000000     

  0.77777777777777779        0.0000000000000000     
  0.88888888888888884        0.0000000000000000     
  0.88888888888888884       0.11111111111111110     
  0.77777777777777779       0.11111111111111110     
  0.77777777777777779        0.0000000000000000     

  0.88888888888888884        0.0000000000000000     
   1.0000000000000000        0.0000000000000000     
   1.0000000000000000       0.11111111111111110     
  0.88888888888888884       0.11111111111111110     
  0.88888888888888884        0.0000000000000000     

   0.0000000000000000       0.11111111111111110     
  0.11111111111111110       0.11111111111111110     
  0.11111111111111110       0.16666666666666663     
   0.0000000000000000       0.16666666666666663     
   0.0000000000000000       0.11111111111111110     

  0.11111111111111110       0.11111111111111110     
  0.22222222222222221       0.11111111111111110     
  0.22222222222222221       0.16666666666666663     
  0.11111111111111110       0.16666666666666663     
  0.11111111111111110       0.11111111111111110     

  0.22222222222222221       0.11111111111111110     
  0.33333333333333331       0.11111111111111110     
  0.33333333333333331       0.16666666666666663     
  0.22222222222222221       0.16666666666666663     
  0.22222222222222221       0.11111111111111110     

  0.33333333333333331       0.11111111111111110     
  0.44444444444444442       0.11111111111111110     
  0.44444444444444442       0.16666666666666663     
  0.33333333333333331       0.16666666666666663     
  0.33333333333333331       0.11111111111111110     

  0.44444444444444442       0.11111111111111110     
  0.55555555555555558       0.11111111111111110     
  0.55555555555555558       0.16666666666666663     
  0.44444444444444442       0.16666666666666663     
  0.44444444444444442       0.11111111111111110     

  0.55555555555555558       0.11111111111111110     
  0.66666666666666663       0.11111111111111110     
  0.66666666666666663       0.16666666666666663     
  0.55555555555555558       0.16666666666666663     
  0.55555555555555558       0.11111111111111110     

  0.66666666666666663       0.11111111111111110     
  0.77777777777777779       0.11111111111111110     
  0.77777777777777779       0.16666666666666663     
  0.66666666666666663       0.16666666666666663     
  0.66666666666666663       0.11111111111111110     

  0.77777777777777779       0.11111111111111110     
  0.88888888888888884       0.11111111111111110     
  0.88888888888888884       0.16666666666666663     
  0.77777777777777779       0.16666666666666663     
  0.77777777777777779       0.11111111111111110     

  0.88888888888888884       0.11111111111111110     
   1.0000000000000000       0.11111111111111110     
   1.0000000000000000       0.16666666666666663     
  0.88888888888888884       0.16666666666666663     
  0.88888888888888884       0.11111111111111110     

   0.0000000000000000       0.16666666666666663     
  0.11111111111111110       0.16666666666666663     
  0.11111111111111110       0.22222222222222221     
   0.0000000000000000       0.22222222222222221     
   0.0000000000000000       0.16666666666666663     

  0.11111111111111110       0.16666666666666663     
  0.22222222222222221       0.16666666666666663     
  0.22222222222222221       0.22222222222222221     
  0.11111111111111110       0.22222222222222221     
  0.11111111111111110       0.16666666666666663     

  0.22222222222222221       0.16666666666666663     
  0.33333333333333331       0.16666666666666663     
  0.33333333333333331       0.22222222222222221     
  0.22222222222222221       0.22222222222222221     
  0.22222222222222221       0.16666666666666663     

  0.33333333333333331       0.16666666666666663     
  0.44444444444444442       0.16666666666666663     
  0.44444444444444442       0.22222222222222221     
  0.33333333333333331       0.22222222222222221     
  0.33333333333333331       0.16666666666666663     

  0.44444444444444442       0.16666666666666663     
  0.55555555555555558       0.16666666666666663     
  0.55555555555555558       0.22222222222222221     
  0.44444444444444442       0.22222222222222221     
  0.44444444444444442       0.16666666666666663     

  0.55555555555555558       0.16666666666666663     
  0.66666666666666663       0.16666666666666663     
  0.66666666666666663       0.22222222222222221     
  0.55555555555555558       0.22222222222222221     
  0.55555555555555558       0.16666666666666663     

  0.66666666666666663       0.16666666666666663     
  0.77777777777777779       0.16666666666666663     
  0.77777777777777779       0.22222222222222221     
  0.66666666666666663       0.22222222222222221     
  0.66666666666666663       0.16666666666666663     

  0.77777777777777779       0.16666666666666663     
  0.88888888888888884       0.16666666666666663     
  0.88888888888888884       0.22222222222222221     
  0.77777777777777779       0.22222222222222221     
  0.77777777777777779       0.16666666666666663     

  0.88888888888888884       0.16666666666666663     
   1.0000000000000000       0.16666666666666663     
   1.0000000000000000       0.22222222222222221     
  0.88888888888888884       0.22222222222222221     
  0.88888888888888884       0.16666666666666663     

   0.0000000000000000       0.22222222222222221     
  0.11111111111111110       0.22222222222222221     
  0.11111111111111110       0.33333333333333331     
   0.0000000000000000       0.33333333333333331     
   0.0000000000000000       0.22222222222222221     

  0.11111111111111110       0.22222222222222221     
  0.22222222222222221       0.22222222222222221     
  0.22222222222222221       0.33333333333333331     
  0.11111111111111110       0.33333333333333331     
  0.11111111111111110       0.22222222222222221     

  0.22222222222222221       0.22222222222222221     
  0.33333333333333331       0.22222222222222221     
  0.33333333333333331       0.33333333333333331     
  0.22222222222222221       0.33333333333333331     
  0.22222222222222221       0.22222222222222221     

  0.33333333333333331       0.22222222222222221     
  0.44444444444444442       0.22222222222222221     
  0.44444444444444442       0.33333333333333331     
  0.33333333333333331       0.33333333333333331     
  0.33333333333333331       0.22222222222222221     

  0.44444444444444442       0.22222222222222221     
  0.55555555555555558       0.22222222222222221     
  0.55555555555555558       0.33333333333333331     
  0.44444444444444442       0.33333333333333331     
  0.44444444444444442       0.22222222222222221     

  0.55555555555555558       0.22222222222222221     
  0.66666666666666663       0.22222222222222221     
  0.66666666666666663       0.33333333333333331     
  0.55555555555555558       0.33333333333333331     
  0.55555555555555558       0.22222222222222221     

  0.66666666666666663       0.22222222222222221     
  0.77777777777777779       0.22222222222222221     
  0.77777777777777779       0.33333333333333331     
  0.66666666666666663       0.33333333333333331     
  0.66666666666666663       0.22222222222222221     

  0.77777777777777779       0.22222222222222221     
  0.88888888888888884       0.22222222222222221     
  0.88888888888888884       0.33333333333333331     
  0.77777777777777779       0.33333333333333331     
  0.77777777777777779       0.22222222222222221     

  0.88888888888888884       0.22222222222222221     
   1.0000000000000000       0.22222222222222221     
   1.0000000000000000       0.33333333333333331     
  0.88888888888888884       0.33333333333333331     
  0.88888888888888884       0.22222222222222221     

   0.0000000000000000       0.33333333333333331     
  0.11111111111111110       0.33333333333333331     
  0.11111111111111110       0.44444444444444442     
   0.0000000000000000       0.44444444444444442     
   0.0000000000000000       0.33333333333333331     

  0.11111111111111110       0.33333333333333331     
  0.22222222222222221       0.33333333333333331     
  0.22222222222222221       0.44444444444444442     
  0.11111111111111110       0.44444444444444442     
  0.11111111111111110       0.33333333333333331     

  0.22222222222222221       0.33333333333333331     
  0.33333333333333331       0.33333333333333331     
  0.33333333333333331       0.44444444444444442     
  0.22222222222222221       0.44444444444444442     
  0.22222222222222221       0.33333333333333331     

  0.33333333333333331       0.33333333333333331     
  0.44444444444444442       0.33333333333333331     
  0.44444444444444442       0.44444444444444442     
  0.33333333333333331       0.44444444444444442     
  0.33333333333333331       0.33333333333333331     

  0.44444444444444442       0.33333333333333331     
  0.55555555555555558       0.33333333333333331     
  0.55555555555555558       0.44444444444444442     
  0.44444444444444442       0.44444444444444442     
  0.44444444444444442       0.33333333333333331     

  0.55555555555555558       0.33333333333333331     
  0.66666666666666663       0.33333333333333331     
  0.66666666666666663       0.44444444444444442     
  0.55555555555555558       0.44444444444444442     
  0.55555555555555558       0.33333333333333331     

  0.66666666666666663       0.33333333333333331     
  0.77777777777777779       0.33333333333333331     
  0.77777777777777779       0.44444444444444442     
  0.66666666666666663       0.44444444444444442     
  0.66666666666666663       0.33333333333333331     

  0.77777777777777779       0.33333333333333331     
  0.88888888888888884       0.33333333333333331     
  0.88888888888888884       0.44444444444444442     
  0.77777777777777779       0.44444444444444442     
  0.77777777777777779       0.33333333333333331     

  0.88888888888888884       0.33333333333333331     
   1.0000000000000000       0.33333333333333331     
   1.0000000000000000       0.44444444444444442     
  0.88888888888888884       0.44444444444444442     
  0.88888888888888884       0.33333333333333331     

   0.0000000000000000       0.44444444444444442     
  0.11111111111111110       0.44444444444444442     
  0.11111111111111110       0.55555555555555558     
   0.0000000000000000       0.55555555555555558     
   0.0000000000000000       0.44444444444444442     

  0.11111111111111110       0.44444444444444442     
  0.22222222222222221       0.44444444444444442     
  0.22222222222222221       0.55555555555555558     
  0.11111111111111110       0.55555555555555558     
  0.11111111111111110       0.44444444444444442     

  0.22222222222222221       0.44444444444444442     
  0.33333333333333331       0.44444444444444442     
  0.33333333333333331       0.55555555555555558     
  0.22222222222222221       0.55555555555555558     
  0.22222222222222221       0.44444444444444442     

  0.33333333333333331       0.44444444444444442     
  0.44444444444444442       0.44444444444444442     
  0.44444444444444442       0.55555555555555558     
  0.33333333333333331       0.55555555555555558     
  0.33333333333333331       0.44444444444444442     

  0.44444444444444442       0.44444444444444442     
  0.55555555555555558       0.44444444444444442     
  0.55555555555555558       0.55555555555555558     
  0.44444444444444442       0.55555555555555558     
  0.44444444444444442       0.44444444444444442     

  0.55555555555555558       0.44444444444444442     
  0.66666666666666663       0.44444444444444442     
  0.66666666666666663       0.55555555555555558     
  0.55555555555555558       0.55555555555555558     
  0.55555555555555558       0.44444444444444442     

  0.66666666666666663       0.44444444444444442     
  0.77777777777777779       0.44444444444444442     
  0.77777777777777779       0.55555555555555558     
  0.66666666666666663       0.55555555555555558     
  0.66666666666666663       0.44444444444444442     

  0.77777777777777779       0.44444444444444442     
  0.88888888888888884       0.44444444444444442     
  0.88888888888888884       0.55555555555555558     
  0.77777777777777779       0.55555555555555558     
  0.77777777777777779       0.44444444444444442     

  0.88888888888888884       0.44444444444444442     
   1.0000000000000000       0.44444444444444442     
   1.0000000000000000       0.55555555555555558     
  0.88888888888888884       0.55555555555555558     
  0.88888888888888884       0.44444444444444442     

   0.0000000000000000       0.55555555555555558     
  0.11111111111111110       0.55555555555555558     
  0.11111111111111110       0.66666666666666663     
   0.0000000000000000       0.66666666666666663     
   0.0000000000000000       0.55555555555555558     

  0.11111111111111110       0.55555555555555558     
  0.22222222222222221       0.55555555555555558     
  0.22222222222222221       0.66666666666666663     
  0.11111111111111110       0.66666666666666663     
  0.11111111111111110       0.55555555555555558     

  0.22222222222222221       0.55555555555555558     
  0.33333333333333331       0.55555555555555558     
  0.33333333333333331       0.66666666666666663     
  0.22222222222222221       0.66666666666666663     
  0.22222222222222221       0.55555555555555558     

  0.33333333333333331       0.55555555555555558     
  0.44444444444444442       0.55555555555555558     
  0.44444444444444442       0.66666666666666663     
  0.33333333333333331       0.66666666666666663     
  0.33333333333333331       0.55555555555555558     

  0.44444444444444442       0.55555555555555558     
  0.55555555555555558       0.55555555555555558     
  0.55555555555555558       0.66666666666666663     
  0.44444444444444442       0.66666666666666663     
  0.44444444444444442       0.55555555555555558     

  0.55555555555555558       0.55555555555555558     
  0.66666666666666663       0.55555555555555558     
  0.66666666666666663       0.66666666666666663     
  0.55555555555555558       0.66666666666666663     
  0.55555555555555558       0.55555555555555558     

  0.66666666666666663       0.55555555555555558     
  0.77777777777777779       0.55555555555555558     
  0.77777777777777779       0.66666666666666663     
  0.66666666666666663       0.66666666666666663     
  0.66666666666666663       0.55555555555555558     

  0.77777777777777779       0.55555555555555558     
  0.88888888888888884       0.55555555555555558     
  0.88888888888888884       0.66666666666666663     
  0.77777777777777779       0.66666666666666663     
  0.77777777777777779       0.55555555555555558     

  0.88888888888888884       0.55555555555555558     
   1.0000000000000000       0.55555555555555558     
   1.0000000000000000       0.66666666666666663     
  0.88888888888888884       0.66666666666666663     
  0.88888888888888884       0.55555555555555558     

   0.0000000000000000       0.66666666666666663     
  0.11111111111111110       0.66666666666666663     
  0.11111111111111110       0.77777777777777779     
   0.0000000000000000       0.77777777777777779     
   0.0000000000000000       0.66666666666666663     

  0.11111111111111110       0.66666666666666663     
  0.22222222222222221       0.66666666666666663     
  0.22222222222222221       0.77777777777777779     
  0.11111111111111110       0.77777777777777779     
  0.11111111111111110       0.66666666666666663     

  0.22222222222222221       0.66666666666666663     
  0.33333333333333331       0.66666666666666663     
  0.33333333333333331       0.77777777777777779     
  0.22222222222222221       0.77777777777777779     
  0.22222222222222221       0.66666666666666663     

  0.33333333333333331       0.66666666666666663     
  0.44444444444444442       0.66666666666666663     
  0.44444444444444442       0.77777777777777779     
  0.33333333333333331       0.77777777777777779     
  0.33333333333333331       0.66666666666666663     

  0.44444444444444442       0.66666666666666663     
  0.55555555555555558       0.66666666666666663     
  0.55555555555555558       0.77777777777777779     
  0.44444444444444442       0.77777777777777779     
  0.44444444444444442       0.66666666666666663     

  0.55555555555555558       0.66666666666666663     
  0.66666666666666663       0.66666666666666663     
  0.66666666666666663       0.77777777777777779     
  0.55555555555555558       0.77777777777777779     
  0.55555555555555558       0.66666666666666663     

  0.66666666666666663       0.66666666666666663     
  0.77777777777777779       0.66666666666666663     
  0.77777777777777779       0.77777777777777779     
  0.66666666666666663       0.77777777777777779     
  0.66666666666666663       0.66666666666666663     

  0.77777777777777779       0.66666666666666663     
  0.88888888888888884       0.66666666666666663     
  0.88888888888888884       0.77777777777777779     
  0.77777777777777779       0.77777777777777779     
  0.77777777777777779       0.66666666666666663     

  0.88888888888888884       0.66666666666666663     
   1.0000000000000000       0.66666666666666663     
   1.0000000000000000       0.77777777777777779     
  0.88888888888888884       0.77777777777777779     
  0.88888888888888884       0.66666666666666663     

   0.0000000000000000       0.77777777777777779     
  0.11111111111111110       0.77777777777777779     
  0.11111111111111110       0.88888888888888884     
   0.0000000000000000       0.88888888888888884     
   0.0000000000000000       0.77777777777777779     

  0.11111111111111110       0.77777777777777779     
  0.22222222222222221       0.77777777777777779     
  0.22222222222222221       0.88888888888888884     
  0.11111111111111110       0.88888888888888884     
  0.11111111111111110       0.77777777777777779     

  0.22222222222222221       0.77777777777777779     
  0.33333333333333331       0.77777777777777779     
  0.33333333333333331       0.88888888888888884     
  0.22222222222222221       0.88888888888888884     
  0.22222222222222221       0.77777777777777779     

  0.33333333333333331       0.77777777777777779     
  0.44444444444444442       0.77777777777777779     
  0.44444444444444442       0.88888888888888884     
  0.33333333333333331       0.88888888888888884     
  0.33333333333333331       0.77777777777777779     

  0.44444444444444442       0.77777777777777779     
  0.55555555555555558       0.77777777777777779     
  0.55555555555555558       0.88888888888888884     
  0.44444444444444442       0.88888888888888884     
  0.44444444444444442       0.77777777777777779     

  0.55555555555555558       0.77777777777777779     
  0.66666666666666663       0.77777777777777779     
  0.66666666666666663       0.88888888888888884     
  0.55555555555555558       0.88888888888888884     
  0.55555555555555558       0.77777777777777779     

  0.66666666666666663       0.77777777777777779     
  0.77777777777777779       0.77777777777777779     
  0.77777777777777779       0.88888888888888884     
  0.66666666666666663       0.88888888888888884     
  0.66666666666666663       0.77777777777777779     

  0.77777777777777779       0.77777777777777779     
  0.88888888888888884       0.77777777777777779     
  0.88888888888888884       0.88888888888888884     
  0.77777777777777779       0.88888888888888884     
  0.77777777777777779       0.77777777777777779     

  0.88888888888888884       0.77777777777777779     
   1.0000000000000000       0.77777777777777779     
   1.0000000000000000       0.88888888888888884     
  0.88888888888888884       0.88888888888888884     
  0.88888888888888884       0.77777777777777779     

   0.0000000000000000       0.88888888888888884     
  0.11111111111111110       0.88888888888888884     
  0.11111111111111110        1.0000000000000000     
   0.0000000000000000        1.0000000000000000     
   0.0000000000000000       0.88888888888888884     

  0.11111111111111110       0.88888888888888884     
  0.22222222222222221       0.88888888888888884     
  0.22222222222222221        1.0000000000000000     
  0.11111111111111110        1.0000000000000000     
  0.11111111111111110       0.88888888888888884     

  0.22222222222222221       0.88888888888888884     
  0.33333333333333331       0.88888888888888884     
  0.33333333333333331        1.0000000000000000     
  0.22222222222222221        1.0000000000000000     
  0.22222222222222221       0.88888888888888884     

  0.33333333333333331       0.88888888888888884     
  0.44444444444444442       0.88888888888888884     
  0.44444444444444442        1.0000000000000000     
  0.33333333333333331        1.0000000000000000     
  0.33333333333333331       0.88888888888888884     

  0.44444444444444442       0.88888888888888884     
  0.55555555555555558       0.88888888888888884     
  0.55555555555555558        1.0000000000000000     
  0.44444444444444442        1.0000000000000000     
  0.44444444444444442       0.88888888888888884     

  0.55555555555555558       0.88888888888888884     
  0.66666666666666663       0.88888888888888884     
  0.66666666666666663        1.0000000000000000     
  0.55555555555555558        1.0000000000000000     
  0.55555555555555558       0.88888888888888884     

  0.66666666666666663       0.88888888888888884     
  0.77777777777777779       0.88888888888888884     
  0.77777777777777779        1.0000000000000000     
  0.66666666666666663        1.0000000000000000     
  0.66666666666666663       0.88888888888888884     

  0.77777777777777779       0.88888888888888884     
  0.88888888888888884       0.88888888888888884     
  0.88888888888888884        1.0000000000000000     
  0.77777777777777779        1.0000000000000000     
  0.77777777777777779       0.88888888888888884     

  0.88888888888888884       0.88888888888888884     
   1.0000000000000000       0.88888888888888884     
   1.0000000000000000        1.0000000000000000     
  0.88888888888888884        1.0000000000000000     
  0.88888888888888884       0.88888888888888884     

