           1           1           1           1   0.0000000000000000     
           1           1           1           2  0.11111111111111110     
           1           1           1           3  0.22222222222222221     
           1           1           1           4  0.33333333333333331     
           1           1           1           5  0.44444444444444442     
           1           1           1           6  0.55555555555555558     
           1           1           1           7  0.66666666666666663     
           1           1           1           8  0.77777777777777779     
           1           1           1           9  0.88888888888888884     
           1           1           1          10   1.0000000000000000     
           1           1           2           1   0.0000000000000000     
           1           1           2           2  0.89442719099991586     
           1           1           2           3   1.0000000000000000     
           1           2           1           1   0.0000000000000000     
           1           2           1           2  0.11111111111111110     
           1           2           1           3  0.11111111111111119     
           1           2           1           4  0.22222222222222221     
           1           2           1           5  0.22222222222222229     
           1           2           1           6  0.33333333333333331     
           1           2           1           7  0.33333333333333348     
           1           2           1           8  0.44444444444444442     
           1           2           1           9  0.44444444444444453     
           1           2           1          10  0.55555555555555558     
           1           2           1          11  0.66666666666666663     
           1           2           1          12  0.77777777777777779     
           1           2           1          13  0.88888888888888884     
           1           2           1          14   1.0000000000000000     
           1           2           2           1  0.89442719099991586     
           1           2           2           2  0.96609178307929588     
           1           2           2           3   1.0000000000000000     
           2           1           1           1   0.0000000000000000     
           2           1           1           2  0.11111111111111110     
           2           1           1           3  0.11111111111111119     
           2           1           1           4  0.22222222222222221     
           2           1           1           5  0.22222222222222229     
           2           1           1           6  0.33333333333333331     
           2           1           1           7  0.33333333333333348     
           2           1           1           8  0.44444444444444442     
           2           1           1           9  0.44444444444444453     
           2           1           1          10  0.55555555555555558     
           2           1           1          11  0.66666666666666663     
           2           1           1          12  0.77777777777777779     
           2           1           1          13  0.88888888888888884     
           2           1           1          14   1.0000000000000000     
           2           1           2           1  0.89442719099991586     
           2           1           2           2  0.96609178307929588     
           2           1           2           3   1.0000000000000000     
           2           2           1           1   0.0000000000000000     
           2           2           1           2  0.11111111111111110     
           2           2           1           3  0.22222222222222221     
           2           2           1           4  0.33333333333333331     
           2           2           1           5  0.44444444444444442     
           2           2           1           6  0.55555555555555558     
           2           2           1           7  0.66666666666666663     
           2           2           1           8  0.77777777777777779     
           2           2           1           9  0.88888888888888884     
           2           2           1          10   1.0000000000000000     
           2           2           2           1   0.0000000000000000     
           2           2           2           2  0.11111111111111110     
           2           2           2           3  0.16666666666666663     
           2           2           2           4  0.22222222222222221     
           2           2           2           5  0.33333333333333331     
           2           2           2           6  0.44444444444444442     
           2           2           2           7  0.55555555555555558     
           2           2           2           8  0.66666666666666663     
           2           2           2           9  0.77777777777777779     
           2           2           2          10  0.88888888888888884     
           2           2           2          11   1.0000000000000000     
