           1           0           0           1         156           1
           1           1           0           1         156           2
           1           2           0           1         156           3
           1           3           0           1         156           4
           1           4           0           1         156           5
           1           5           0           1         156           6
           1           6           0           1         156           7
           1           7           0           1         156           8
           1           8           0           1         156           9
           1           9           0           1         156          10
           1          10           0           1         156          11
           1          11           0           1         156          12
           1          12           0           1         156          13
           1          13           0           1         156          14
           1          14           0           1         156          15
           1          15           0           1         156          16
           1          16           0           1         156          17
           1           0           1           1         156          18
           1           1           1           1         156          19
           1           2           1           1         156          20
           1           3           1           1         156          21
           1           4           1           1         156          22
           1           5           1           1         156          23
           1           6           1           1         156          24
           1           7           1           1         156          25
           1           8           1           1         156          26
           1           9           1           1         156          27
           1          10           1           1         156          28
           1          11           1           1         156          29
           1          12           1           1         156          30
           1          13           1           1         156          31
           1          14           1           1         156          32
           1          15           1           1         156          33
           1          16           1           1         156          34
           1           0           2           1         156          35
           1           1           2           1         156          36
           1          15           2           1         156          50
           1          16           2           1         156          51
           1           0           3           1         156          52
           1           1           3           1         156          53
           1          15           3           1         156          67
           1          16           3           1         156          68
           1           0           4           1         156          69
           1           1           4           1         156          70
           1          15           4           1         156          84
           1          16           4           1         156          85
           1           0           5           1         156          86
           1           1           5           1         156          87
           1          15           5           1         156         101
           1          16           5           1         156         102
           1           0           6           1         156         103
           1           1           6           1         156         104
           1          15           6           1         156         118
           1          16           6           1         156         119
           1           0           7           1         156         120
           1           1           7           1         156         121
           1          15           7           1         156         135
           1          16           7           1         156         136
           1           0           8           1         156         137
           1           1           8           1         156         138
           1          15           8           1         156         152
           1          16           8           2         156         153
           2           0           0           2         156         154
           2           1           0           2         156         155
           2          15           0           2         156         169
           2          16           0           2         156         170
           2           0           1           2         156         171
           2           1           1           2         156         172
           2          15           1           2         156         186
           2          16           1           2         156         187
           2           0           2           2         156         188
           2           1           2           2         156         189
           2          15           2           2         156         203
           2          16           2           2         156         204
           2           0           3           2         156         205
           2           1           3           2         156         206
           2          15           3           2         156         220
           2          16           3           2         156         221
           2           0           4           2         156         222
           2           1           4           2         156         223
           2          15           4           2         156         237
           2          16           4           2         156         238
           2           0           5           2         156         239
           2           1           5           2         156         240
           2          15           5           2         156         254
           2          16           5           2         156         255
           2           0           6           2         156         256
           2           1           6           2         156         257
           2          15           6           2         156         271
           2          16           6           2         156         272
           2           0           7           2         156         273
           2           1           7           2         156         274
           2          15           7           2         156         288
           2          16           7           2         156         289
           2           0           8           2         156         290
           2           1           8           2         156         291
           2          15           8           2         156         305
           2          16           8           2         156         306
           2           0           9           2         156         307
           2           1           9           2         156         308
           2          15           9           2         156         322
           2          16           9           2         156         323
           2           0          10           2         156         324
           2           1          10           2         156         325
           2          15          10           2         156         339
           2          16          10           2         156         340
           2           0          11           2         156         341
           2           1          11           2         156         342
           2          15          11           2         156         356
           2          16          11           2         156         357
           2           0          12           2         156         358
           2           1          12           2         156         359
           2          15          12           2         156         373
           2          16          12           2         156         374
           2           0          13           2         156         375
           2           1          13           2         156         376
           2          15          13           2         156         390
           2          16          13           2         156         391
           2           0          14           2         156         392
           2           1          14           2         156         393
           2          15          14           2         156         407
           2          16          14           2         156         408
           2           0          15           2         156         409
           2           1          15           2         156         410
           2           2          15           2         156         411
           2           3          15           2         156         412
           2           4          15           2         156         413
           2           5          15           2         156         414
           2           6          15           2         156         415
           2           7          15           2         156         416
           2           8          15           2         156         417
           2           9          15           2         156         418
           2          10          15           2         156         419
           2          11          15           2         156         420
           2          12          15           2         156         421
           2          13          15           2         156         422
           2          14          15           2         156         423
           2          15          15           2         156         424
           2          16          15           2         156         425
           2           0          16           2         156         426
           2           1          16           2         156         427
           2           2          16           2         156         428
           2           3          16           2         156         429
           2           4          16           2         156         430
           2           5          16           2         156         431
           2           6          16           2         156         432
           2           7          16           2         156         433
           2           8          16           2         156         434
           2           9          16           2         156         435
           2          10          16           2         156         436
           2          11          16           2         156         437
           2          12          16           2         156         438
           2          13          16           2         156         439
           2          14          16           2         156         440
           2          15          16           2         156         441
           2          16          16  1680990790         156         442
