 POLY_ORDER :            3
 LENGTH :           12
          0.00000000
          0.00000000
          0.00000000
          0.00000000
          0.16666667
          1.00000000
          0.50000000
          0.66666667
          0.83333333
          1.00000000
          1.00000000
          1.00000000
          1.00000000

 POLY_ORDER :            3
 LENGTH :            7
          0.00000000
          0.00000000
          0.00000000
          0.00000000
          1.00000000
          1.00000000
          1.00000000
          1.00000000
