   3.0755532315618491E-004
   1.9099681279973984E-003
   3.7237102402744087E-004
   6.8345479564054629E-005
  -2.3072734402794825E-003
   7.0387530707774644E-005
   1.1108066581375923E-002
  -6.6437771040990436E-003
   4.0039050185874150E-004
   8.9996298464336860E-004
   5.5889151890027335E-003
   1.0896255500941537E-003
   1.9999134186376386E-004
  -6.7515030154357419E-003
   2.0596675605343538E-004
   3.2504229325647754E-002
  -1.9440903869102844E-002
   1.1716156539832039E-003
   1.0113501849824454E-003
   6.2806476562910982E-003
   1.2244870294148952E-003
   2.2474399952010900E-004
  -7.5871274042190549E-003
   2.3145898263518289E-004
   3.6527233788656813E-002
  -2.1847078224038797E-002
   1.3166249374731696E-003
   7.3066583865206492E-004
   4.5375526253962324E-003
   8.8464990223098604E-004
   1.6236983522599545E-004
  -5.4814394559684620E-003
   1.6722118033094891E-004
   2.6389674225740341E-002
  -1.5783765079295110E-002
   9.5121638223238578E-004
   9.0723979110136208E-005
   5.6341053299690635E-004
   1.0984359060476953E-004
   2.0160840646847506E-005
  -6.8060934614676434E-004
   2.0763213590366521E-005
   3.2767047896972330E-003
  -1.9598096661737510E-003
   1.1810889551107717E-004
   6.1498555734827501E-003
   3.5624321982868891E-002
   5.5592319467291998E-002
  -2.6020852139652106E-018
  -6.7467093461581640E-002
  -2.1684043449710089E-018
   5.5592319467291984E-002
   3.5624321982868870E-002
   6.1498555734827414E-003
   1.5972393701831279E-002
   9.5379307465698754E-002
  0.14594855286086786     
   3.4694469519536142E-018
 -0.17774165534943415     
  -1.7347234759768071E-017
  0.14594855286086780     
   9.5379307465698726E-002
   1.5972393701831258E-002
   2.6553234845727875E-002
  0.15180220974472233     
  0.22488782711907182     
   6.9388939039072284E-018
 -0.27548856370064595     
  -3.4694469519536142E-018
  0.22488782711907174     
  0.15180220974472225     
   2.6553234845727847E-002
   2.5586887962593605E-002
  0.13468691356382456     
  0.19108902689853050     
   2.9490299091605721E-017
 -0.23598466475313870     
   1.7347234759768071E-018
  0.19108902689853047     
  0.13468691356382453     
   2.5586887962593584E-002
