   0.0000000000000000        0.0000000000000000     
  0.16666666666666680        0.0000000000000000     
  0.16666666666666680       0.59999999999999998     
   0.0000000000000000       0.59999999999999998     
   0.0000000000000000        0.0000000000000000     

  0.16666666666666680        0.0000000000000000     
   1.0000000000000000        0.0000000000000000     
   1.0000000000000000       0.59999999999999998     
  0.16666666666666680       0.59999999999999998     
  0.16666666666666680        0.0000000000000000     

   1.0000000000000000        0.0000000000000000     
  0.50000000000000000        0.0000000000000000     
  0.50000000000000000       0.59999999999999998     
   1.0000000000000000       0.59999999999999998     
   1.0000000000000000        0.0000000000000000     

  0.50000000000000000        0.0000000000000000     
  0.66666666666666663        0.0000000000000000     
  0.66666666666666663       0.59999999999999998     
  0.50000000000000000       0.59999999999999998     
  0.50000000000000000        0.0000000000000000     

  0.66666666666666663        0.0000000000000000     
  0.83333333333333337        0.0000000000000000     
  0.83333333333333337       0.59999999999999998     
  0.66666666666666663       0.59999999999999998     
  0.66666666666666663        0.0000000000000000     

  0.83333333333333337        0.0000000000000000     
   1.0000000000000000        0.0000000000000000     
   1.0000000000000000       0.59999999999999998     
  0.83333333333333337       0.59999999999999998     
  0.83333333333333337        0.0000000000000000     

   0.0000000000000000       0.59999999999999998     
  0.16666666666666680       0.59999999999999998     
  0.16666666666666680        1.0000000000000000     
   0.0000000000000000        1.0000000000000000     
   0.0000000000000000       0.59999999999999998     

  0.16666666666666680       0.59999999999999998     
   1.0000000000000000       0.59999999999999998     
   1.0000000000000000        1.0000000000000000     
  0.16666666666666680        1.0000000000000000     
  0.16666666666666680       0.59999999999999998     

   1.0000000000000000       0.59999999999999998     
  0.50000000000000000       0.59999999999999998     
  0.50000000000000000        1.0000000000000000     
   1.0000000000000000        1.0000000000000000     
   1.0000000000000000       0.59999999999999998     

  0.50000000000000000       0.59999999999999998     
  0.66666666666666663       0.59999999999999998     
  0.66666666666666663        1.0000000000000000     
  0.50000000000000000        1.0000000000000000     
  0.50000000000000000       0.59999999999999998     

  0.66666666666666663       0.59999999999999998     
  0.83333333333333337       0.59999999999999998     
  0.83333333333333337        1.0000000000000000     
  0.66666666666666663        1.0000000000000000     
  0.66666666666666663       0.59999999999999998     

  0.83333333333333337       0.59999999999999998     
   1.0000000000000000       0.59999999999999998     
   1.0000000000000000        1.0000000000000000     
  0.83333333333333337        1.0000000000000000     
  0.83333333333333337       0.59999999999999998     

   0.0000000000000000        0.0000000000000000     
  0.16666666666666666        0.0000000000000000     
  0.16666666666666666       0.20000000000000001     
   0.0000000000000000       0.20000000000000001     
   0.0000000000000000        0.0000000000000000     

  0.16666666666666666        0.0000000000000000     
  0.33333333333333331        0.0000000000000000     
  0.33333333333333331       0.20000000000000001     
  0.16666666666666666       0.20000000000000001     
  0.16666666666666666        0.0000000000000000     

  0.33333333333333331        0.0000000000000000     
  0.50000000000000000        0.0000000000000000     
  0.50000000000000000       0.20000000000000001     
  0.33333333333333331       0.20000000000000001     
  0.33333333333333331        0.0000000000000000     

  0.50000000000000000        0.0000000000000000     
  0.66666666666666663        0.0000000000000000     
  0.66666666666666663       0.20000000000000001     
  0.50000000000000000       0.20000000000000001     
  0.50000000000000000        0.0000000000000000     

  0.66666666666666663        0.0000000000000000     
  0.83333333333333337        0.0000000000000000     
  0.83333333333333337       0.20000000000000001     
  0.66666666666666663       0.20000000000000001     
  0.66666666666666663        0.0000000000000000     

  0.83333333333333337        0.0000000000000000     
   1.0000000000000000        0.0000000000000000     
   1.0000000000000000       0.20000000000000001     
  0.83333333333333337       0.20000000000000001     
  0.83333333333333337        0.0000000000000000     

   0.0000000000000000        0.0000000000000000     
  0.16666666666666666        0.0000000000000000     
  0.16666666666666666       0.20000000000000001     
   0.0000000000000000       0.20000000000000001     
   0.0000000000000000        0.0000000000000000     

  0.16666666666666666        0.0000000000000000     
  0.33333333333333331        0.0000000000000000     
  0.33333333333333331       0.20000000000000001     
  0.16666666666666666       0.20000000000000001     
  0.16666666666666666        0.0000000000000000     

  0.33333333333333331        0.0000000000000000     
  0.50000000000000000        0.0000000000000000     
  0.50000000000000000       0.20000000000000001     
  0.33333333333333331       0.20000000000000001     
  0.33333333333333331        0.0000000000000000     

  0.50000000000000000        0.0000000000000000     
  0.66666666666666663        0.0000000000000000     
  0.66666666666666663       0.20000000000000001     
  0.50000000000000000       0.20000000000000001     
  0.50000000000000000        0.0000000000000000     

  0.66666666666666663        0.0000000000000000     
  0.83333333333333337        0.0000000000000000     
  0.83333333333333337       0.20000000000000001     
  0.66666666666666663       0.20000000000000001     
  0.66666666666666663        0.0000000000000000     

  0.83333333333333337        0.0000000000000000     
   1.0000000000000000        0.0000000000000000     
   1.0000000000000000       0.20000000000000001     
  0.83333333333333337       0.20000000000000001     
  0.83333333333333337        0.0000000000000000     

   0.0000000000000000        0.0000000000000000     
  0.16666666666666666        0.0000000000000000     
  0.16666666666666666       0.20000000000000001     
   0.0000000000000000       0.20000000000000001     
   0.0000000000000000        0.0000000000000000     

  0.16666666666666666        0.0000000000000000     
  0.33333333333333331        0.0000000000000000     
  0.33333333333333331       0.20000000000000001     
  0.16666666666666666       0.20000000000000001     
  0.16666666666666666        0.0000000000000000     

  0.33333333333333331        0.0000000000000000     
  0.50000000000000000        0.0000000000000000     
  0.50000000000000000       0.20000000000000001     
  0.33333333333333331       0.20000000000000001     
  0.33333333333333331        0.0000000000000000     

  0.50000000000000000        0.0000000000000000     
  0.66666666666666663        0.0000000000000000     
  0.66666666666666663       0.20000000000000001     
  0.50000000000000000       0.20000000000000001     
  0.50000000000000000        0.0000000000000000     

  0.66666666666666663        0.0000000000000000     
  0.83333333333333337        0.0000000000000000     
  0.83333333333333337       0.20000000000000001     
  0.66666666666666663       0.20000000000000001     
  0.66666666666666663        0.0000000000000000     

  0.83333333333333337        0.0000000000000000     
   1.0000000000000000        0.0000000000000000     
   1.0000000000000000       0.20000000000000001     
  0.83333333333333337       0.20000000000000001     
  0.83333333333333337        0.0000000000000000     

   0.0000000000000000       0.20000000000000001     
  0.16666666666666666       0.20000000000000001     
  0.16666666666666666        1.0000000000000000     
   0.0000000000000000        1.0000000000000000     
   0.0000000000000000       0.20000000000000001     

  0.16666666666666666       0.20000000000000001     
  0.33333333333333331       0.20000000000000001     
  0.33333333333333331        1.0000000000000000     
  0.16666666666666666        1.0000000000000000     
  0.16666666666666666       0.20000000000000001     

  0.33333333333333331       0.20000000000000001     
  0.50000000000000000       0.20000000000000001     
  0.50000000000000000        1.0000000000000000     
  0.33333333333333331        1.0000000000000000     
  0.33333333333333331       0.20000000000000001     

  0.50000000000000000       0.20000000000000001     
  0.66666666666666663       0.20000000000000001     
  0.66666666666666663        1.0000000000000000     
  0.50000000000000000        1.0000000000000000     
  0.50000000000000000       0.20000000000000001     

  0.66666666666666663       0.20000000000000001     
  0.83333333333333337       0.20000000000000001     
  0.83333333333333337        1.0000000000000000     
  0.66666666666666663        1.0000000000000000     
  0.66666666666666663       0.20000000000000001     

  0.83333333333333337       0.20000000000000001     
   1.0000000000000000       0.20000000000000001     
   1.0000000000000000        1.0000000000000000     
  0.83333333333333337        1.0000000000000000     
  0.83333333333333337       0.20000000000000001     

