           1           1           1           1   0.0000000000000000     
           1           1           1           2  0.16666666666666680     
           1           1           1           3   1.0000000000000000     
           1           1           1           4  0.50000000000000000     
           1           1           1           5  0.66666666666666663     
           1           1           1           6  0.83333333333333337     
           1           1           1           7   1.0000000000000000     
           1           1           2           1   0.0000000000000000     
           1           1           2           2  0.59999999999999998     
           1           1           2           3   1.0000000000000000     
           1           2           1           1   0.0000000000000000     
           1           2           1           2  0.16666666666666666     
           1           2           1           3  0.33333333333333331     
           1           2           1           4  0.50000000000000000     
           1           2           1           5  0.66666666666666663     
           1           2           1           6  0.83333333333333337     
           1           2           1           7   1.0000000000000000     
           1           2           2           1   0.0000000000000000     
           1           2           2           2  0.20000000000000001     
           2           1           1           1   0.0000000000000000     
           2           1           1           2  0.16666666666666666     
           2           1           1           3  0.33333333333333331     
           2           1           1           4  0.50000000000000000     
           2           1           1           5  0.66666666666666663     
           2           1           1           6  0.83333333333333337     
           2           1           1           7   1.0000000000000000     
           2           1           2           1   0.0000000000000000     
           2           1           2           2  0.20000000000000001     
           2           2           1           1   0.0000000000000000     
           2           2           1           2  0.16666666666666666     
           2           2           1           3  0.33333333333333331     
           2           2           1           4  0.50000000000000000     
           2           2           1           5  0.66666666666666663     
           2           2           1           6  0.83333333333333337     
           2           2           1           7   1.0000000000000000     
           2           2           2           1   0.0000000000000000     
           2           2           2           2  0.20000000000000001     
           2           2           2           3   1.0000000000000000     
