  -5.5107285922006974E-017 -0.29999999999999999     
 -0.21213203435596437      -0.21213203435596414     
 -0.67677669529663687      -0.67677669529663675     
  -4.5922738268339160E-017 -0.75000000000000000     
  -5.5107285922006974E-017 -0.29999999999999999     

 -0.21213203435596437      -0.21213203435596414     
  0.29999999999999999        0.0000000000000000     
  0.75000000000000000        0.0000000000000000     
 -0.67677669529663687      -0.67677669529663675     
 -0.21213203435596437      -0.21213203435596414     

  0.29999999999999999        0.0000000000000000     
 -0.21213203435596423       0.21213203435596426     
 -0.67677669529663675       0.67677669529663687     
  0.75000000000000000        0.0000000000000000     
  0.29999999999999999        0.0000000000000000     

 -0.21213203435596423       0.21213203435596426     
  -4.8244286170173730E-017  0.29999999999999999     
  -4.0203571808478117E-017  0.75000000000000000     
 -0.67677669529663675       0.67677669529663687     
 -0.21213203435596423       0.21213203435596426     

  -4.8244286170173730E-017  0.29999999999999999     
  0.21213203435596431       0.21213203435596420     
  0.67677669529663687       0.67677669529663675     
  -4.0203571808478117E-017  0.75000000000000000     
  -4.8244286170173730E-017  0.29999999999999999     

  0.21213203435596431       0.21213203435596420     
  0.29999999999999999        0.0000000000000000     
  0.75000000000000000        0.0000000000000000     
  0.67677669529663687       0.67677669529663675     
  0.21213203435596431       0.21213203435596420     

  -4.5922738268339160E-017 -0.75000000000000000     
 -0.67677669529663687      -0.67677669529663675     
  -1.0000000000000000       -1.0000000000000000     
  -5.3066386055551201E-050  -1.0000000000000000     
  -4.5922738268339160E-017 -0.75000000000000000     

 -0.67677669529663687      -0.67677669529663675     
  0.75000000000000000        0.0000000000000000     
   1.0000000000000000        0.0000000000000000     
  -1.0000000000000000       -1.0000000000000000     
 -0.67677669529663687      -0.67677669529663675     

  0.75000000000000000        0.0000000000000000     
 -0.67677669529663675       0.67677669529663687     
  -1.0000000000000000        1.0000000000000000     
   1.0000000000000000        0.0000000000000000     
  0.75000000000000000        0.0000000000000000     

 -0.67677669529663675       0.67677669529663687     
  -4.0203571808478117E-017  0.75000000000000000     
   1.4448001065961111E-034   1.0000000000000000     
  -1.0000000000000000        1.0000000000000000     
 -0.67677669529663675       0.67677669529663687     

  -4.0203571808478117E-017  0.75000000000000000     
  0.67677669529663687       0.67677669529663675     
   1.0000000000000000        1.0000000000000000     
   1.4448001065961111E-034   1.0000000000000000     
  -4.0203571808478117E-017  0.75000000000000000     

  0.67677669529663687       0.67677669529663675     
  0.75000000000000000        0.0000000000000000     
   1.0000000000000000        0.0000000000000000     
   1.0000000000000000        1.0000000000000000     
  0.67677669529663687       0.67677669529663675     

  -5.5107285922006974E-017 -0.29999999999999999     
 -0.21213203435596431      -0.21213203435596423     
 -0.35355339059327384      -0.35355339059327373     
  -9.1845476536678294E-017 -0.50000000000000000     
  -5.5107285922006974E-017 -0.29999999999999999     

 -0.21213203435596431      -0.21213203435596423     
 -0.29999999999999999        3.6738190614671314E-017
 -0.50000000000000000        6.1230317691118863E-017
 -0.35355339059327384      -0.35355339059327373     
 -0.21213203435596431      -0.21213203435596423     

 -0.29999999999999999        3.6738190614671314E-017
 -0.21213203435596423       0.21213203435596426     
 -0.35355339059327373       0.35355339059327379     
 -0.50000000000000000        6.1230317691118863E-017
 -0.29999999999999999        3.6738190614671314E-017

 -0.21213203435596423       0.21213203435596426     
  -4.8244286170173730E-017  0.29999999999999999     
  -8.0407143616956223E-017  0.50000000000000000     
 -0.35355339059327373       0.35355339059327379     
 -0.21213203435596423       0.21213203435596426     

  -4.8244286170173730E-017  0.29999999999999999     
  0.21213203435596431       0.21213203435596420     
  0.35355339059327384       0.35355339059327368     
  -8.0407143616956223E-017  0.50000000000000000     
  -4.8244286170173730E-017  0.29999999999999999     

  0.21213203435596431       0.21213203435596420     
  0.29999999999999999        0.0000000000000000     
  0.50000000000000000        0.0000000000000000     
  0.35355339059327384       0.35355339059327368     
  0.21213203435596431       0.21213203435596420     

  -5.5107285922006974E-017 -0.29999999999999999     
 -0.21213203435596431      -0.21213203435596423     
 -0.35355339059327384      -0.35355339059327373     
  -9.1845476536678294E-017 -0.50000000000000000     
  -5.5107285922006974E-017 -0.29999999999999999     

 -0.21213203435596431      -0.21213203435596423     
 -0.29999999999999999        3.6738190614671314E-017
 -0.50000000000000000        6.1230317691118863E-017
 -0.35355339059327384      -0.35355339059327373     
 -0.21213203435596431      -0.21213203435596423     

 -0.29999999999999999        3.6738190614671314E-017
 -0.21213203435596423       0.21213203435596426     
 -0.35355339059327373       0.35355339059327379     
 -0.50000000000000000        6.1230317691118863E-017
 -0.29999999999999999        3.6738190614671314E-017

 -0.21213203435596423       0.21213203435596426     
  -4.8244286170173730E-017  0.29999999999999999     
  -8.0407143616956223E-017  0.50000000000000000     
 -0.35355339059327373       0.35355339059327379     
 -0.21213203435596423       0.21213203435596426     

  -4.8244286170173730E-017  0.29999999999999999     
  0.21213203435596431       0.21213203435596420     
  0.35355339059327384       0.35355339059327368     
  -8.0407143616956223E-017  0.50000000000000000     
  -4.8244286170173730E-017  0.29999999999999999     

  0.21213203435596431       0.21213203435596420     
  0.29999999999999999        0.0000000000000000     
  0.50000000000000000        0.0000000000000000     
  0.35355339059327384       0.35355339059327368     
  0.21213203435596431       0.21213203435596420     

  -5.5107285922006974E-017 -0.29999999999999999     
 -0.21213203435596431      -0.21213203435596423     
 -0.35355339059327384      -0.35355339059327373     
  -9.1845476536678294E-017 -0.50000000000000000     
  -5.5107285922006974E-017 -0.29999999999999999     

 -0.21213203435596431      -0.21213203435596423     
 -0.29999999999999999        3.6738190614671314E-017
 -0.50000000000000000        6.1230317691118863E-017
 -0.35355339059327384      -0.35355339059327373     
 -0.21213203435596431      -0.21213203435596423     

 -0.29999999999999999        3.6738190614671314E-017
 -0.21213203435596423       0.21213203435596426     
 -0.35355339059327373       0.35355339059327379     
 -0.50000000000000000        6.1230317691118863E-017
 -0.29999999999999999        3.6738190614671314E-017

 -0.21213203435596423       0.21213203435596426     
  -4.8244286170173730E-017  0.29999999999999999     
  -8.0407143616956223E-017  0.50000000000000000     
 -0.35355339059327373       0.35355339059327379     
 -0.21213203435596423       0.21213203435596426     

  -4.8244286170173730E-017  0.29999999999999999     
  0.21213203435596431       0.21213203435596420     
  0.35355339059327384       0.35355339059327368     
  -8.0407143616956223E-017  0.50000000000000000     
  -4.8244286170173730E-017  0.29999999999999999     

  0.21213203435596431       0.21213203435596420     
  0.29999999999999999        0.0000000000000000     
  0.50000000000000000        0.0000000000000000     
  0.35355339059327384       0.35355339059327368     
  0.21213203435596431       0.21213203435596420     

  -9.1845476536678294E-017 -0.50000000000000000     
 -0.35355339059327384      -0.35355339059327373     
  -1.0000000000000000       -1.0000000000000000     
  -5.3066386055551201E-050  -1.0000000000000000     
  -9.1845476536678294E-017 -0.50000000000000000     

 -0.35355339059327384      -0.35355339059327373     
 -0.50000000000000000        6.1230317691118863E-017
  -1.0000000000000000        3.6120002664897351E-035
  -1.0000000000000000       -1.0000000000000000     
 -0.35355339059327384      -0.35355339059327373     

 -0.50000000000000000        6.1230317691118863E-017
 -0.35355339059327373       0.35355339059327379     
  -1.0000000000000000        1.0000000000000000     
  -1.0000000000000000        3.6120002664897351E-035
 -0.50000000000000000        6.1230317691118863E-017

 -0.35355339059327373       0.35355339059327379     
  -8.0407143616956223E-017  0.50000000000000000     
   1.4448001065961111E-034   1.0000000000000000     
  -1.0000000000000000        1.0000000000000000     
 -0.35355339059327373       0.35355339059327379     

  -8.0407143616956223E-017  0.50000000000000000     
  0.35355339059327384       0.35355339059327368     
   1.0000000000000000        1.0000000000000000     
   1.4448001065961111E-034   1.0000000000000000     
  -8.0407143616956223E-017  0.50000000000000000     

  0.35355339059327384       0.35355339059327368     
  0.50000000000000000        0.0000000000000000     
   1.0000000000000000        0.0000000000000000     
   1.0000000000000000        1.0000000000000000     
  0.35355339059327384       0.35355339059327368     

