  -0.0000000000000000       -0.0000000000000000     
  -0.0000000000000000       -0.0000000000000000     
 -0.21213203435596437      -0.21213203435596414     
  -5.5107285922006974E-017 -0.29999999999999999     
  -0.0000000000000000       -0.0000000000000000     

  -0.0000000000000000       -0.0000000000000000     
   0.0000000000000000        0.0000000000000000     
  0.29999999999999999        0.0000000000000000     
 -0.21213203435596437      -0.21213203435596414     
  -0.0000000000000000       -0.0000000000000000     

   0.0000000000000000        0.0000000000000000     
  -0.0000000000000000        0.0000000000000000     
 -0.21213203435596423       0.21213203435596426     
  0.29999999999999999        0.0000000000000000     
   0.0000000000000000        0.0000000000000000     

  -0.0000000000000000        0.0000000000000000     
  -0.0000000000000000        0.0000000000000000     
  -4.8244286170173730E-017  0.29999999999999999     
 -0.21213203435596423       0.21213203435596426     
  -0.0000000000000000        0.0000000000000000     

  -0.0000000000000000        0.0000000000000000     
   0.0000000000000000        0.0000000000000000     
  0.21213203435596431       0.21213203435596420     
  -4.8244286170173730E-017  0.29999999999999999     
  -0.0000000000000000        0.0000000000000000     

   0.0000000000000000        0.0000000000000000     
   0.0000000000000000        0.0000000000000000     
  0.29999999999999999        0.0000000000000000     
  0.21213203435596431       0.21213203435596420     
   0.0000000000000000        0.0000000000000000     

  -5.5107285922006974E-017 -0.29999999999999999     
 -0.21213203435596437      -0.21213203435596414     
 -0.35355339059327395      -0.35355339059327356     
  -9.1845476536678294E-017 -0.50000000000000000     
  -5.5107285922006974E-017 -0.29999999999999999     

 -0.21213203435596437      -0.21213203435596414     
  0.29999999999999999        0.0000000000000000     
  0.50000000000000000        0.0000000000000000     
 -0.35355339059327395      -0.35355339059327356     
 -0.21213203435596437      -0.21213203435596414     

  0.29999999999999999        0.0000000000000000     
 -0.21213203435596423       0.21213203435596426     
 -0.35355339059327373       0.35355339059327379     
  0.50000000000000000        0.0000000000000000     
  0.29999999999999999        0.0000000000000000     

 -0.21213203435596423       0.21213203435596426     
  -4.8244286170173730E-017  0.29999999999999999     
  -8.0407143616956223E-017  0.50000000000000000     
 -0.35355339059327373       0.35355339059327379     
 -0.21213203435596423       0.21213203435596426     

  -4.8244286170173730E-017  0.29999999999999999     
  0.21213203435596431       0.21213203435596420     
  0.35355339059327384       0.35355339059327368     
  -8.0407143616956223E-017  0.50000000000000000     
  -4.8244286170173730E-017  0.29999999999999999     

  0.21213203435596431       0.21213203435596420     
  0.29999999999999999        0.0000000000000000     
  0.50000000000000000        0.0000000000000000     
  0.35355339059327384       0.35355339059327368     
  0.21213203435596431       0.21213203435596420     

  -0.0000000000000000       -0.0000000000000000     
  -0.0000000000000000       -0.0000000000000000     
  -7.0710678118654766E-002  -7.0710678118654752E-002
  -1.8369095307335660E-017 -0.10000000000000001     
  -0.0000000000000000       -0.0000000000000000     

  -0.0000000000000000       -0.0000000000000000     
  -0.0000000000000000        0.0000000000000000     
 -0.10000000000000001        1.2246063538223773E-017
  -7.0710678118654766E-002  -7.0710678118654752E-002
  -0.0000000000000000       -0.0000000000000000     

  -0.0000000000000000        0.0000000000000000     
  -0.0000000000000000        0.0000000000000000     
  -7.0710678118654752E-002   7.0710678118654766E-002
 -0.10000000000000001        1.2246063538223773E-017
  -0.0000000000000000        0.0000000000000000     

  -0.0000000000000000        0.0000000000000000     
  -0.0000000000000000        0.0000000000000000     
  -1.6081428723391246E-017  0.10000000000000001     
  -7.0710678118654752E-002   7.0710678118654766E-002
  -0.0000000000000000        0.0000000000000000     

  -0.0000000000000000        0.0000000000000000     
   0.0000000000000000        0.0000000000000000     
   7.0710678118654766E-002   7.0710678118654738E-002
  -1.6081428723391246E-017  0.10000000000000001     
  -0.0000000000000000        0.0000000000000000     

   0.0000000000000000        0.0000000000000000     
   0.0000000000000000        0.0000000000000000     
  0.10000000000000001        0.0000000000000000     
   7.0710678118654766E-002   7.0710678118654738E-002
   0.0000000000000000        0.0000000000000000     

  -0.0000000000000000       -0.0000000000000000     
  -0.0000000000000000       -0.0000000000000000     
  -7.0710678118654766E-002  -7.0710678118654752E-002
  -1.8369095307335660E-017 -0.10000000000000001     
  -0.0000000000000000       -0.0000000000000000     

  -0.0000000000000000       -0.0000000000000000     
  -0.0000000000000000        0.0000000000000000     
 -0.10000000000000001        1.2246063538223773E-017
  -7.0710678118654766E-002  -7.0710678118654752E-002
  -0.0000000000000000       -0.0000000000000000     

  -0.0000000000000000        0.0000000000000000     
  -0.0000000000000000        0.0000000000000000     
  -7.0710678118654752E-002   7.0710678118654766E-002
 -0.10000000000000001        1.2246063538223773E-017
  -0.0000000000000000        0.0000000000000000     

  -0.0000000000000000        0.0000000000000000     
  -0.0000000000000000        0.0000000000000000     
  -1.6081428723391246E-017  0.10000000000000001     
  -7.0710678118654752E-002   7.0710678118654766E-002
  -0.0000000000000000        0.0000000000000000     

  -0.0000000000000000        0.0000000000000000     
   0.0000000000000000        0.0000000000000000     
   7.0710678118654766E-002   7.0710678118654738E-002
  -1.6081428723391246E-017  0.10000000000000001     
  -0.0000000000000000        0.0000000000000000     

   0.0000000000000000        0.0000000000000000     
   0.0000000000000000        0.0000000000000000     
  0.10000000000000001        0.0000000000000000     
   7.0710678118654766E-002   7.0710678118654738E-002
   0.0000000000000000        0.0000000000000000     

  -0.0000000000000000       -0.0000000000000000     
  -0.0000000000000000       -0.0000000000000000     
  -7.0710678118654766E-002  -7.0710678118654752E-002
  -1.8369095307335660E-017 -0.10000000000000001     
  -0.0000000000000000       -0.0000000000000000     

  -0.0000000000000000       -0.0000000000000000     
  -0.0000000000000000        0.0000000000000000     
 -0.10000000000000001        1.2246063538223773E-017
  -7.0710678118654766E-002  -7.0710678118654752E-002
  -0.0000000000000000       -0.0000000000000000     

  -0.0000000000000000        0.0000000000000000     
  -0.0000000000000000        0.0000000000000000     
  -7.0710678118654752E-002   7.0710678118654766E-002
 -0.10000000000000001        1.2246063538223773E-017
  -0.0000000000000000        0.0000000000000000     

  -0.0000000000000000        0.0000000000000000     
  -0.0000000000000000        0.0000000000000000     
  -1.6081428723391246E-017  0.10000000000000001     
  -7.0710678118654752E-002   7.0710678118654766E-002
  -0.0000000000000000        0.0000000000000000     

  -0.0000000000000000        0.0000000000000000     
   0.0000000000000000        0.0000000000000000     
   7.0710678118654766E-002   7.0710678118654738E-002
  -1.6081428723391246E-017  0.10000000000000001     
  -0.0000000000000000        0.0000000000000000     

   0.0000000000000000        0.0000000000000000     
   0.0000000000000000        0.0000000000000000     
  0.10000000000000001        0.0000000000000000     
   7.0710678118654766E-002   7.0710678118654738E-002
   0.0000000000000000        0.0000000000000000     

  -1.8369095307335660E-017 -0.10000000000000001     
  -7.0710678118654766E-002  -7.0710678118654752E-002
 -0.35355339059327384      -0.35355339059327373     
  -9.1845476536678294E-017 -0.50000000000000000     
  -1.8369095307335660E-017 -0.10000000000000001     

  -7.0710678118654766E-002  -7.0710678118654752E-002
 -0.10000000000000001        1.2246063538223773E-017
 -0.50000000000000000        6.1230317691118863E-017
 -0.35355339059327384      -0.35355339059327373     
  -7.0710678118654766E-002  -7.0710678118654752E-002

 -0.10000000000000001        1.2246063538223773E-017
  -7.0710678118654752E-002   7.0710678118654766E-002
 -0.35355339059327373       0.35355339059327379     
 -0.50000000000000000        6.1230317691118863E-017
 -0.10000000000000001        1.2246063538223773E-017

  -7.0710678118654752E-002   7.0710678118654766E-002
  -1.6081428723391246E-017  0.10000000000000001     
  -8.0407143616956223E-017  0.50000000000000000     
 -0.35355339059327373       0.35355339059327379     
  -7.0710678118654752E-002   7.0710678118654766E-002

  -1.6081428723391246E-017  0.10000000000000001     
   7.0710678118654766E-002   7.0710678118654738E-002
  0.35355339059327384       0.35355339059327368     
  -8.0407143616956223E-017  0.50000000000000000     
  -1.6081428723391246E-017  0.10000000000000001     

   7.0710678118654766E-002   7.0710678118654738E-002
  0.10000000000000001        0.0000000000000000     
  0.50000000000000000        0.0000000000000000     
  0.35355339059327384       0.35355339059327368     
   7.0710678118654766E-002   7.0710678118654738E-002

