   0.0000000000000000     
   0.0000000000000000     
   0.0000000000000000     
   0.0000000000000000     
   0.0000000000000000     
   0.0000000000000000     
   0.0000000000000000     
   0.0000000000000000     
   0.0000000000000000     
   0.0000000000000000     
 -0.39954504047461115     
   4.7974725781249496     
  -3.2927472893259302     
  0.30135859653496594     
 -0.18259023912331540     
 -0.56099465852508934     
  0.62049358127974485     
   0.0000000000000000     
   0.0000000000000000     
  0.11608133135706422     
   1.1974000310944677     
  -6.2568050754791891     
  0.22065951548427559     
  0.64665582027835600     
  -1.2866789482069239     
   1.1391997751113714     
   0.0000000000000000     
   0.0000000000000000     
   1.1904783045130052     
  -15.773413108638913     
   12.981145769939484     
  -1.0044284043970428     
  0.49433669930782054     
   2.3449245669045027     
  -2.4040731840564371     
   0.0000000000000000     
   0.0000000000000000     
  -4.7070214511492399     
   51.234633990220750     
   2.7183390361973139     
   3.4427554573024879     
  -8.1303587207753676     
   1.5373764906551246     
  0.86584748342928686     
   0.0000000000000000     
   0.0000000000000000     
   2.8257735086459675E-003
   1.4281637659960973E-002
 -0.12079110917845830     
   4.2532333013493143E-002
   7.3010644255424431E-002
   3.7629515023698754E-002
   3.0406059125044953E-002
   0.0000000000000000     
   0.0000000000000000     
   9.7381217120270688E-002
  0.20877444362423317     
  -9.3593123719908911E-002
 -0.25308928579049628     
   7.2995316847643127E-002
  0.30782979726550308     
  0.11358293640620182     
   0.0000000000000000     
   0.0000000000000000     
   7.4197114643397505E-003
   4.8293695555024621E-002
  -1.6125257751212615E-003
  -3.8619981318564603E-002
   6.0441051717424147E-004
   3.7241317703523319E-002
   1.3588851121413408E-002
   0.0000000000000000     
   0.0000000000000000     
   0.0000000000000000     
   0.0000000000000000     
   0.0000000000000000     
   0.0000000000000000     
   0.0000000000000000     
   0.0000000000000000     
   0.0000000000000000     
   0.0000000000000000     
