           1           0           0           0          32           1
           1           1           0           0          32           2
           1           2           0           0          32           3
           1           3           0           0          32           4
           1           4           0           0          32           5
           1           5           0           0          32           6
           1           6           0           0          32           7
           1           7           0           0          32           8
           1           8           0           0          32           9
           1           0           1           0          32          10
           1           8           1           0          32          18
           1           0           2           0          32          19
           1           8           2           0          32          27
           1           0           3           0          32          28
           1           8           3           0          32          36
           1           0           4           0          32          37
           1           8           4           0          32          45
           2           0           0           0          32          46
           2           8           0           0          32          54
           2           0           1           0          32          55
           2           8           1           0          32          63
           2           0           2           0          32          64
           2           8           2           0          32          72
           2           0           3           0          32          73
           2           1           3           0          32          74
           2           2           3           0          32          75
           2           3           3           0          32          76
           2           4           3           0          32          77
           2           5           3           0          32          78
           2           6           3           0          32          79
           2           7           3           0          32          80
           2           8           3           0          32          81
