   0.0000000000000000        0.0000000000000000     
   2.5000000000000001E-003   2.7184801371615848E-005
   5.0000000000000001E-003   8.7242238674416185E-005
   7.4999999999999997E-003   1.6000655782549212E-004
   1.0000000000000000E-002   2.3624601081122698E-004
   1.2500000000000001E-002   3.1292586629261184E-004
   1.4999999999999999E-002   3.9009492719562779E-004
   1.7500000000000002E-002   4.6895855158555393E-004
   2.0000000000000000E-002   5.5079043674958442E-004
   2.2499999999999999E-002   6.3641208661545910E-004
   2.5000000000000001E-002   7.2603387992649447E-004
   2.7500000000000000E-002   8.1930593148693922E-004
   2.9999999999999999E-002   9.1547143179737493E-004
   3.2500000000000001E-002   1.0135508020294429E-003
   3.5000000000000003E-002   1.1125127520539044E-003
   3.7499999999999999E-002   1.2114091196474598E-003
   4.0000000000000001E-002   1.3094651395732522E-003
   4.2500000000000003E-002   1.4061264824690447E-003
   4.4999999999999998E-002   1.5010699558971857E-003
   4.7500000000000001E-002   1.5941871140229969E-003
   5.0000000000000003E-002   1.6855501186008855E-003
   5.2499999999999998E-002   1.7753679654769587E-003
   5.5000000000000000E-002   1.8639394831540816E-003
   5.7500000000000002E-002   1.9516078595106698E-003
   5.9999999999999998E-002   2.0387200226261969E-003
   6.2500000000000000E-002   2.1255929969273652E-003
   6.5000000000000002E-002   2.2124883605667929E-003
   6.7500000000000004E-002   2.2995951274960491E-003
   7.0000000000000007E-002   2.3870207515071609E-003
   7.2499999999999995E-002   2.4747894830028068E-003
   7.4999999999999997E-002   2.5628469858264375E-003
   7.7499999999999999E-002   2.6510699245507973E-003
   8.0000000000000002E-002   2.7392791455979845E-003
   8.2500000000000004E-002   2.8272550818574504E-003
   8.5000000000000006E-002   2.9147540934914983E-003
   8.7500000000000008E-002   3.0015246007820537E-003
   8.9999999999999997E-002   3.0873220515889917E-003
   9.2499999999999999E-002   3.1719219796704046E-003
   9.5000000000000001E-002   3.2551306341706407E-003
   9.7500000000000003E-002   3.3367928785031933E-003
  0.10000000000000001        3.4167972533729230E-003
  0.10250000000000001        3.4950782639066431E-003
  0.10500000000000000        3.5716160827529899E-003
  0.10750000000000000        3.6464339615716688E-003
  0.11000000000000000        3.7195937152296847E-003
  0.11250000000000000        3.7911896889586678E-003
  0.11500000000000000        3.8613416414025252E-003
  0.11750000000000001        3.9301869785985715E-003
  0.12000000000000000        3.9978727581879382E-003
  0.12250000000000000        4.0645478522424623E-003
  0.12500000000000000        4.1303556137254295E-003
  0.12750000000000000        4.1954273384724869E-003
  0.13000000000000000        4.2598767543867155E-003
  0.13250000000000001        4.3237957049884384E-003
  0.13500000000000001        4.3872511282454785E-003
  0.13750000000000001        4.4502833664338158E-003
  0.14000000000000001        4.5129057813413330E-003
  0.14250000000000002        4.5751055941212143E-003
  0.14499999999999999        4.6368458230594909E-003
  0.14749999999999999        4.6980681571166787E-003
  0.14999999999999999        4.7586965784964866E-003
  0.15250000000000000        4.8186415328990186E-003
  0.15500000000000000        4.8778044405507742E-003
  0.15750000000000000        4.9360823435771403E-003
  0.16000000000000000        4.9933724948030009E-003
  0.16250000000000001        5.0495767086411476E-003
  0.16500000000000001        5.1046053153649988E-003
  0.16750000000000001        5.1583805847689006E-003
  0.17000000000000001        5.2108395130045235E-003
  0.17250000000000001        5.2619358962533889E-003
  0.17500000000000002        5.3116416458610979E-003
  0.17749999999999999        5.3599473306267355E-003
  0.17999999999999999        5.4068619621188193E-003
  0.18250000000000000        5.4524120671851891E-003
  0.18500000000000000        5.4966401172462549E-003
  0.18750000000000000        5.5396024055187343E-003
  0.19000000000000000        5.5813664800628392E-003
  0.19250000000000000        5.6220082518240967E-003
  0.19500000000000001        5.6616089026174776E-003
  0.19750000000000001        5.7002517187124645E-003
  0.20000000000000001        5.7380189718790695E-003
  0.20250000000000001        5.7749889620108182E-003
  0.20500000000000002        5.8112333243165492E-003
  0.20750000000000002        5.8468146901328759E-003
  0.20999999999999999        5.8817847742180648E-003
  0.21249999999999999        5.9161829435108422E-003
  0.21500000000000000        5.9500353033385203E-003
  0.21750000000000000        5.9833543175029360E-003
  0.22000000000000000        6.0161389591244386E-003
  0.22250000000000000        6.0483753701483928E-003
  0.22500000000000001        6.0800379895799700E-003
  0.22750000000000001        6.1110910943762229E-003
  0.23000000000000001        6.1414906830537953E-003
  0.23250000000000001        6.1711866210316674E-003
  0.23500000000000001        6.2001249590657786E-003
  0.23750000000000002        6.2282503322509571E-003
  0.23999999999999999        6.2555083469862504E-003
  0.24249999999999999        6.2818478667030515E-003
  0.24500000000000000        6.3072231136115089E-003
  0.24750000000000000        6.3315955127905485E-003
  0.25000000000000000        6.3549352161910528E-003
  0.25250000000000000        6.3772222571008902E-003
  0.25500000000000000        6.3984472998950227E-003
  0.25750000000000001        6.4186119650248520E-003
  0.26000000000000001        6.4377287247482668E-003
  0.26250000000000001        6.4558203806267854E-003
  0.26500000000000001        6.4729191488787884E-003
  0.26750000000000002        6.4890653938390885E-003
  0.27000000000000002        6.5043060625953591E-003
  0.27250000000000002        6.5186928849119271E-003
  0.27500000000000002        6.5322804113717142E-003
  0.27750000000000002        6.5451239688285780E-003
  0.28000000000000003        6.5572776153340192E-003
  0.28250000000000003        6.5687921763544887E-003
  0.28500000000000003        6.5797134403048439E-003
  0.28750000000000003        6.5900805845182982E-003
  0.28999999999999998        6.5999248932049536E-003
  0.29249999999999998        6.6092688171932668E-003
  0.29499999999999998        6.6181254117717303E-003
  0.29749999999999999        6.6264981742237584E-003
  0.29999999999999999        6.6343812871483736E-003
  0.30249999999999999        6.6417602578543273E-003
  0.30499999999999999        6.6486129284773089E-003
  0.30750000000000000        6.6549108164701415E-003
  0.31000000000000000        6.6606207312260987E-003
  0.31250000000000000        6.6657066002866645E-003
  0.31500000000000000        6.6701314283293045E-003
  0.31750000000000000        6.6738593043988879E-003
  0.32000000000000001        6.6768573681102832E-003
  0.32250000000000001        6.6790976442804607E-003
  0.32500000000000001        6.6805586581104174E-003
  0.32750000000000001        6.6812267499989702E-003
  0.33000000000000002        6.6810970203211454E-003
  0.33250000000000002        6.6801738495350926E-003
  0.33500000000000002        6.6784709570475564E-003
  0.33750000000000002        6.6760109825913247E-003
  0.34000000000000002        6.6728245956681519E-003
  0.34250000000000003        6.6689491611074125E-003
  0.34500000000000003        6.6644270112044546E-003
  0.34750000000000003        6.6593033964527483E-003
  0.35000000000000003        6.6536242067909736E-003
  0.35249999999999998        6.6474335727696714E-003
  0.35499999999999998        6.6407714703222154E-003
  0.35749999999999998        6.6336714631215219E-003
  0.35999999999999999        6.6261587220370786E-003
  0.36249999999999999        6.6182484611964180E-003
  0.36499999999999999        6.6099449238213315E-003
  0.36749999999999999        6.6012410375713149E-003
  0.37000000000000000        6.5921188378150735E-003
  0.37250000000000000        6.5825507274565711E-003
  0.37500000000000000        6.5725016038487164E-003
  0.37750000000000000        6.5619318383831381E-003
  0.38000000000000000        6.5508010447152707E-003
  0.38250000000000001        6.5390725195700666E-003
  0.38500000000000001        6.5267181879811089E-003
  0.38750000000000001        6.5137238349507803E-003
  0.39000000000000001        6.5000943601880475E-003
  0.39250000000000002        6.4858587540892023E-003
  0.39500000000000002        6.4710744637819038E-003
  0.39750000000000002        6.4558308001603174E-003
  0.40000000000000002        6.4402510327052241E-003
  0.40250000000000002        6.4243717995811356E-003
  0.40500000000000003        6.4080149736249663E-003
  0.40750000000000003        6.3912082709139621E-003
  0.41000000000000003        6.3739839153397542E-003
  0.41250000000000003        6.3563251620386641E-003
  0.41500000000000004        6.3382096250388029E-003
  0.41749999999999998        6.3196388785224395E-003
  0.41999999999999998        6.3006369139259619E-003
  0.42249999999999999        6.2812322520653550E-003
  0.42499999999999999        6.2614412789106172E-003
  0.42749999999999999        6.2412623238671796E-003
  0.42999999999999999        6.2206810160515451E-003
  0.43250000000000000        6.1996817688855337E-003
  0.43500000000000000        6.1782587028490210E-003
  0.43750000000000000        6.1564209860492398E-003
  0.44000000000000000        6.1341908351871472E-003
  0.44250000000000000        6.1115956974766234E-003
  0.44500000000000001        6.0886582978023785E-003
  0.44750000000000001        6.0653887618197719E-003
  0.45000000000000001        6.0417819780158753E-003
  0.45250000000000001        6.0178212535539309E-003
  0.45500000000000002        5.9934869138066789E-003
  0.45750000000000002        5.9687665875708612E-003
  0.46000000000000002        5.9436631288332549E-003
  0.46250000000000002        5.9181967462763000E-003
  0.46500000000000002        5.8923998597611420E-003
  0.46750000000000003        5.8663060116274854E-003
  0.47000000000000003        5.8399369478303216E-003
  0.47250000000000003        5.8132935895310626E-003
  0.47500000000000003        5.7863559952010622E-003
  0.47750000000000004        5.7590941460260534E-003
  0.47999999999999998        5.7314861218456933E-003
  0.48249999999999998        5.7035349004131951E-003
  0.48499999999999999        5.6752726151748046E-003
  0.48749999999999999        5.6467448944717436E-003
  0.48999999999999999        5.6179796631163218E-003
  0.49249999999999999        5.5889619847360262E-003
  0.49500000000000000        5.5596480053295757E-003
  0.49750000000000000        5.5300309423377408E-003
  0.50000000000000000        5.5001714897547314E-003
 
  0.40000000000000002        6.4402510327052241E-003
  0.40300000000000002        6.4211395530858585E-003
  0.40600000000000003        6.4013430786526099E-003
  0.40900000000000003        6.3809242052472650E-003
  0.41200000000000003        6.3598929984317720E-003
  0.41500000000000004        6.3382096250388029E-003
  0.41800000000000004        6.3158720071394498E-003
  0.42100000000000004        6.2929220604900377E-003
  0.42400000000000004        6.2694037466119448E-003
  0.42700000000000005        6.2453297459005748E-003
  0.43000000000000005        6.2206810160515451E-003
  0.43300000000000000        6.1954309933686634E-003
  0.43600000000000000        6.1695723585258287E-003
  0.43900000000000000        6.1431282317276755E-003
  0.44200000000000000        6.1161426893002278E-003
  0.44500000000000001        6.0886582978023794E-003
  0.44800000000000001        6.0606947955961438E-003
  0.45100000000000001        6.0322413078656139E-003
  0.45400000000000001        6.0032665517789985E-003
  0.45700000000000002        5.9737416523079866E-003
  0.46000000000000002        5.9436631288332549E-003
  0.46300000000000002        5.9130626684124887E-003
  0.46600000000000003        5.8819963451937698E-003
  0.46900000000000003        5.8505170224146226E-003
  0.47200000000000003        5.8186449182236529E-003
  0.47500000000000003        5.7863559952010613E-003
  0.47800000000000004        5.7536005772063073E-003
  0.48100000000000004        5.7203456010261645E-003
  0.48400000000000004        5.6866119147241292E-003
  0.48699999999999999        5.6524698060346325E-003
  0.48999999999999999        5.6179796631163226E-003
  0.49299999999999999        5.5831241818497359E-003
  0.49600000000000000        5.5478349307506699E-003
  0.49900000000000000        5.5121425835774054E-003
  0.50200000000000000        5.4760803136338632E-003
  0.50500000000000000        5.4396064784627508E-003
  0.50800000000000001        5.4027912550815649E-003
  0.51100000000000001        5.3656681405774122E-003
  0.51400000000000001        5.3282435196298893E-003
  0.51700000000000002        5.2905094950171979E-003
  0.52000000000000002        5.2524538691056683E-003
  0.52300000000000002        5.2140669718311284E-003
  0.52600000000000002        5.1753454818358321E-003
  0.52900000000000003        5.1362936970167170E-003
  0.53200000000000003        5.0969228848664321E-003
  0.53500000000000003        5.0572494030558272E-003
  0.53800000000000003        5.0172922499455933E-003
  0.54100000000000004        4.9770706064024605E-003
  0.54400000000000004        4.9366017877085760E-003
  0.54700000000000004        4.8958998607680970E-003
  0.55000000000000004        4.8549750204621772E-003
  0.55300000000000005        4.8138336819890763E-003
  0.55600000000000005        4.7724791488722596E-003
  0.55900000000000005        4.7309126619740991E-003
  0.56200000000000006        4.6891346178043643E-003
  0.56500000000000006        4.6471457572366702E-003
  0.56800000000000006        4.6049481609003653E-003
  0.57100000000000006        4.5625459374571218E-003
  0.57399999999999995        4.5199455481578586E-003
  0.57699999999999996        4.4771557679648584E-003
  0.57999999999999996        4.4341873326664109E-003
  0.58299999999999996        4.3910523564163178E-003
  0.58599999999999997        4.3477636221796378E-003
  0.58899999999999997        4.3043338499843490E-003
  0.59199999999999997        4.2607750376723675E-003
  0.59499999999999997        4.2170979492325124E-003
  0.59799999999999998        4.1733118000078125E-003
  0.60099999999999998        4.1294241593259071E-003
  0.60399999999999998        4.0854410626293292E-003
  0.60699999999999998        4.0413673002018076E-003
  0.60999999999999999        3.9972068311540385E-003
  0.61299999999999999        3.9529632614966441E-003
  0.61599999999999999        3.9086403239123645E-003
  0.61899999999999999        3.8642423028351614E-003
  0.62200000000000000        3.8197743598998401E-003
  0.62500000000000000        3.7752427299684896E-003
  0.62800000000000000        3.7306547749956192E-003
  0.63100000000000001        3.6860189001888207E-003
  0.63400000000000001        3.6413443524822937E-003
  0.63700000000000001        3.5966409335147346E-003
  0.64000000000000001        3.5519186665997227E-003
  0.64300000000000002        3.5071874590356109E-003
  0.64600000000000002        3.4624567980961842E-003
  0.64900000000000002        3.4177355122305408E-003
  0.65200000000000002        3.3730316195038101E-003
  0.65500000000000003        3.3283522742541863E-003
  0.65800000000000003        3.2837038114511474E-003
  0.66100000000000003        3.2390918774396387E-003
  0.66400000000000003        3.1945216267679592E-003
  0.66700000000000004        3.1499979586921043E-003
  0.67000000000000004        3.1055257644325052E-003
  0.67300000000000004        3.0611101572780601E-003
  0.67600000000000005        3.0167566615649437E-003
  0.67900000000000005        2.9724713426414052E-003
  0.68200000000000005        2.9282608673908638E-003
  0.68500000000000005        2.8841324929505577E-003
  0.68800000000000006        2.8400939891581709E-003
  0.69100000000000006        2.7961535072107023E-003
  0.69400000000000006        2.7523194122636130E-003
  0.69700000000000006        2.7086001005777625E-003
  0.69999999999999996        2.6650038220952929E-003
  0.70299999999999996        2.6215385272779007E-003
  0.70599999999999996        2.5782117531955042E-003
  0.70899999999999996        2.5350305587669899E-003
  0.71199999999999997        2.4920015132857288E-003
  0.71499999999999997        2.4491307364690362E-003
  0.71799999999999997        2.4064239828107824E-003
  0.72099999999999997        2.3638867585474774E-003
  0.72399999999999998        2.3215244566026287E-003
  0.72699999999999998        2.2793424938109879E-003
  0.72999999999999998        2.2373464355161274E-003
  0.73299999999999998        2.1955420949526690E-003
  0.73599999999999999        2.1539355982592018E-003
  0.73899999999999999        2.1125334101042034E-003
  0.74199999999999999        2.0713423193297136E-003
  0.74500000000000000        2.0303693883108264E-003
  0.74800000000000000        1.9896218734773491E-003
  0.75100000000000000        1.9491071272373965E-003
  0.75400000000000000        1.9088324930220469E-003
  0.75700000000000001        1.8688052052008252E-003
  0.76000000000000001        1.8290323043527220E-003
  0.76300000000000001        1.7895205761130314E-003
  0.76600000000000001        1.7502765188678472E-003
  0.76900000000000002        1.7113063422524043E-003
  0.77200000000000002        1.6726159950431422E-003
  0.77500000000000002        1.6342112179331275E-003
  0.77800000000000002        1.5960976141626657E-003
  0.78100000000000003        1.5582807293447909E-003
  0.78400000000000003        1.5207661312886633E-003
  0.78700000000000003        1.4835594811708622E-003
  0.79000000000000004        1.4466665888430801E-003
  0.79300000000000004        1.4100934471512664E-003
  0.79600000000000004        1.3738462426285320E-003
  0.79900000000000004        1.3379313425645654E-003
  0.80200000000000005        1.3023552610004060E-003
  0.80500000000000005        1.2671246084017961E-003
  0.80800000000000005        1.2322460313813983E-003
  0.81100000000000005        1.1977261496552401E-003
  0.81400000000000006        1.1635714973451392E-003
  0.81700000000000006        1.1297884748713522E-003
  0.82000000000000006        1.0963833162033296E-003
  0.82299999999999995        1.0633620743507534E-003
  0.82599999999999996        1.0307306258821151E-003
  0.82899999999999996        9.9849469315413386E-004
  0.83199999999999996        9.6665988102223339E-004
  0.83499999999999996        9.3523172328044012E-004
  0.83799999999999997        9.0421573314031429E-004
  0.84099999999999997        8.7361745183832037E-004
  0.84399999999999997        8.4344248995060940E-004
  0.84699999999999998        8.1369655706276509E-004
  0.84999999999999998        7.8438547692181082E-004
  0.85299999999999998        7.5551518691794922E-004
  0.85599999999999998        7.2709172253319204E-004
  0.85899999999999999        6.9912118908241859E-004
  0.86199999999999999        6.7160972448856526E-004
  0.86499999999999999        6.4456345780806610E-004
  0.86799999999999999        6.1798846860622487E-004
  0.87100000000000000        5.9189075201686347E-004
  0.87400000000000000        5.6627619348331845E-004
  0.87700000000000000        5.4115055591648429E-004
  0.88000000000000000        5.1651948047996246E-004
  0.88300000000000001        4.9238850058283708E-004
  0.88600000000000001        4.6876306708756697E-004
  0.88900000000000001        4.4564858138418080E-004
  0.89200000000000002        4.2305043200297241E-004
  0.89500000000000002        4.0097402998993644E-004
  0.89800000000000002        3.7942483845792527E-004
  0.90100000000000002        3.5840839252828771E-004
  0.90400000000000003        3.3793030715365848E-004
  0.90700000000000003        3.1799627188712921E-004
  0.91000000000000003        2.9861203335739499E-004
  0.91300000000000003        2.7978336784486359E-004
  0.91600000000000004        2.6151604775121677E-004
  0.91900000000000004        2.4381580673571204E-004
  0.92200000000000004        2.2668830867826219E-004
  0.92500000000000004        2.1013912527018258E-004
  0.92800000000000005        1.9417372589658865E-004
  0.93100000000000005        1.7879748171480329E-004
  0.93400000000000005        1.6401568370907888E-004
  0.93700000000000006        1.4983357229023163E-004
  0.94000000000000006        1.3625637398711270E-004
  0.94300000000000006        1.2328933922290043E-004
  0.94600000000000006        1.1093777436051875E-004
  0.94900000000000007        9.9207061415725208E-005
  0.95200000000000007        8.8102660332930931E-005
  0.95500000000000007        7.7630091604393220E-005
  0.95800000000000007        6.7794900972478137E-005
  0.96100000000000008        5.8602612272062083E-005
  0.96400000000000008        5.0058678298095054E-005
  0.96700000000000008        4.2168442061303145E-005
  0.97000000000000008        3.4937121062095015E-005
  0.97300000000000009        2.8369824408101453E-005
  0.97599999999999998        2.2471605863857041E-005
  0.97899999999999998        1.7247544438999149E-005
  0.98199999999999998        1.2702827976648833E-005
  0.98499999999999999        8.8427989088811304E-006
  0.98799999999999999        5.6729166879996585E-006
  0.99099999999999999        3.1986143806676070E-006
  0.99399999999999999        1.4250943319135883E-006
  0.99700000000000000        3.5723651238592519E-007
   1.0000000000000000        0.0000000000000000     
 
