   0.0000000000000000        0.0000000000000000     
   2.5000000000000001E-003   6.2945573682666521E-006
   5.0000000000000001E-003   1.6260725853306835E-006
   7.4999999999999997E-003   4.8826476318636138E-006
   1.0000000000000000E-002   7.6659526329499043E-006
   1.2500000000000001E-002   5.6911963389980698E-006
   1.4999999999999999E-002   2.9090125325475144E-007
   1.7500000000000002E-002   6.4309535394605624E-006
   2.0000000000000000E-002   1.2535244521244316E-005
   2.2499999999999999E-002   1.6687975147578217E-005
   2.5000000000000001E-002   1.8272423453517182E-005
   2.7500000000000000E-002   1.7309012155729809E-005
   2.9999999999999999E-002   1.4282650013628909E-005
   3.2500000000000001E-002   9.9452762464522393E-006
   3.5000000000000003E-002   5.1353280354174923E-006
   3.7499999999999999E-002   6.3595969632794315E-007
   4.0000000000000001E-002   2.9204340424998236E-006
   4.2500000000000003E-002   5.1032433517625066E-006
   4.4999999999999998E-002   5.6974495511477451E-006
   4.7500000000000001E-002   4.6896905888426982E-006
   5.0000000000000003E-002   2.2360903813206856E-006
   5.2499999999999998E-002   1.3799182047757506E-006
   5.5000000000000000E-002   5.7932861383327683E-006
   5.7500000000000002E-002   1.0601738534222349E-005
   5.9999999999999998E-002   1.5405489876544700E-005
   6.2500000000000000E-002   1.9840127433178857E-005
   6.5000000000000002E-002   2.3601509593470625E-005
   6.7500000000000004E-002   2.6462334352891834E-005
   7.0000000000000007E-002   2.8280663892216331E-005
   7.2499999999999995E-002   2.9001161158081071E-005
   7.4999999999999997E-002   2.8650120426087276E-005
   7.7499999999999999E-002   2.7325572811595066E-005
   8.0000000000000002E-002   2.5183836323982536E-005
   8.2500000000000004E-002   2.2423875033865498E-005
   8.5000000000000006E-002   1.9270749907614552E-005
   8.7500000000000008E-002   1.5959301507188934E-005
   8.9999999999999997E-002   1.2719018688814695E-005
   9.2499999999999999E-002   9.7608342835981075E-006
   9.5000000000000001E-002   7.2663651205957650E-006
   9.7500000000000003E-002   5.3798961874794950E-006
  0.10000000000000001        4.2032125006067177E-006
  0.10250000000000001        3.7932172760924341E-006
  0.10500000000000000        4.1621433055271012E-006
  0.10750000000000000        5.2800640518527239E-006
  0.11000000000000000        7.0793392274347390E-006
  0.11250000000000000        9.4605838017186910E-006
  0.11500000000000000        1.2299726814173899E-005
  0.11750000000000001        1.5455724342485135E-005
  0.12000000000000000        1.8778506798719780E-005
  0.12250000000000000        2.2116771699525597E-005
  0.12500000000000000        2.5325276481972166E-005
  0.12750000000000000        2.8271339115860770E-005
  0.13000000000000000        3.0840314497353591E-005
  0.13250000000000001        3.2939879198431748E-005
  0.13500000000000001        3.4503023393124628E-005
  0.13750000000000001        3.5489713984801754E-005
  0.14000000000000001        3.5887254420228575E-005
  0.14250000000000002        3.5709421703421714E-005
  0.14499999999999999        3.4994507183067426E-005
  0.14749999999999999        3.3802423108277580E-005
  0.14999999999999999        3.2211061568958889E-005
  0.15250000000000000        3.0312107045531158E-005
  0.15500000000000000        2.8206509369265087E-005
  0.15750000000000000        2.5999821431302033E-005
  0.16000000000000000        2.3797596467543359E-005
  0.16250000000000001        2.1701024180626883E-005
  0.16500000000000001        1.9802964330616958E-005
  0.16750000000000001        1.8184511725746217E-005
  0.17000000000000001        1.6912198765116918E-005
  0.17250000000000001        1.6035911818975089E-005
  0.17500000000000002        1.5587566771330445E-005
  0.17749999999999999        1.5580557986032667E-005
  0.17999999999999999        1.6009964783347700E-005
  0.18250000000000000        1.6853471221494905E-005
  0.18500000000000000        1.8072929558736970E-005
  0.18750000000000000        1.9616476216717793E-005
  0.19000000000000000        2.1421092322500611E-005
  0.19250000000000000        2.3415489630874150E-005
  0.19500000000000001        2.5523196854131021E-005
  0.19750000000000001        2.7665720717509978E-005
  0.20000000000000001        2.9765659858880661E-005
  0.20250000000000001        3.1749657436861431E-005
  0.20500000000000002        3.3551089437204216E-005
  0.20750000000000002        3.5112399608635189E-005
  0.20999999999999999        3.6387008151670625E-005
  0.21249999999999999        3.7340739162306962E-005
  0.21500000000000000        3.7952730832639657E-005
  0.21750000000000000        3.8215811967335063E-005
  0.22000000000000000        3.8136347924003303E-005
  0.22250000000000000        3.7733578062108102E-005
  0.22500000000000001        3.7038484624489051E-005
  0.22750000000000001        3.6092249113037523E-005
  0.23000000000000001        3.4944366091347134E-005
  0.23250000000000001        3.3650495386698484E-005
  0.23500000000000001        3.2270141326840158E-005
  0.23750000000000002        3.0864251528940588E-005
  0.23999999999999999        2.9492827837889156E-005
  0.24249999999999999        2.8212638608255124E-005
  0.24500000000000000        2.7075115068512831E-005
  0.24750000000000000        2.6124505436686281E-005
  0.25000000000000000        2.5396349212678894E-005
  0.25250000000000000        2.4916321093737987E-005
  0.25500000000000000        2.4699479685259319E-005
  0.25750000000000001        2.4749941048488059E-005
  0.26000000000000001        2.5060981579622319E-005
  0.26250000000000001        2.5615559190140269E-005
  0.26500000000000001        2.6387226695791486E-005
  0.26750000000000002        2.7341397160652237E-005
  0.27000000000000002        2.8436908122566515E-005
  0.27250000000000002        2.9627820586488990E-005
  0.27500000000000002        3.0865379852144812E-005
  0.27750000000000002        3.2100059081106355E-005
  0.28000000000000003        3.3283603436828893E-005
  0.28250000000000003        3.4370992979052348E-005
  0.28500000000000003        3.5322246284798333E-005
  0.28750000000000003        3.6103993673515557E-005
  0.28999999999999998        3.6690758482298232E-005
  0.29249999999999998        3.7065896594948931E-005
  0.29499999999999998        3.7222157905826161E-005
  0.29749999999999999        3.7161848123809795E-005
  0.29999999999999999        3.6896584822193291E-005
  0.30249999999999999        3.6446657445363195E-005
  0.30499999999999999        3.5840016621184629E-005
  0.30750000000000000        3.5110933127839437E-005
  0.31000000000000000        3.4298380753701465E-005
  0.31250000000000000        3.3444209597707653E-005
  0.31500000000000000        3.2591186613504394E-005
  0.31750000000000000        3.1780987932631329E-005
  0.32000000000000001        3.1052232238181994E-005
  0.32250000000000001        3.0438645729616813E-005
  0.32500000000000001        2.9967446557477302E-005
  0.32750000000000001        2.9658029645059644E-005
  0.33000000000000002        2.9521021563475592E-005
  0.33250000000000002        2.9557760095361389E-005
  0.33500000000000002        2.9760235056438492E-005
  0.33750000000000002        3.0111506620772830E-005
  0.34000000000000002        3.0586595595543426E-005
  0.34250000000000003        3.1153817594399516E-005
  0.34500000000000003        3.1776510644809744E-005
  0.34750000000000003        3.2415084214705271E-005
  0.35000000000000003        3.3029297736703217E-005
  0.35249999999999998        3.3580659224738390E-005
  0.35499999999999998        3.4034820297828673E-005
  0.35749999999999998        3.4363833629059557E-005
  0.35999999999999999        3.4548133304734833E-005
  0.36249999999999999        3.4578098589116241E-005
  0.36499999999999999        3.4455067924025821E-005
  0.36749999999999999        3.4191683430408781E-005
  0.37000000000000000        3.3811467490637631E-005
  0.37250000000000000        3.3347562784697172E-005
  0.37500000000000000        3.2840605246799067E-005
  0.37750000000000000        3.2335744353634165E-005
  0.38000000000000000        3.1878874784711779E-005
  0.38250000000000001        3.1512195509159561E-005
  0.38500000000000001        3.1269264445909609E-005
  0.38750000000000001        3.1169766709331385E-005
  0.39000000000000001        3.1214259783477299E-005
  0.39250000000000002        3.1379197459339365E-005
  0.39500000000000002        3.1612563714522789E-005
  0.39750000000000002        3.1830465607300462E-005
  0.40000000000000002        3.1915038390947128E-005
  0.40250000000000002        3.1835035356097176E-005
  0.40500000000000003        3.1773961786366419E-005
  0.40750000000000003        3.1709466339335926E-005
  0.41000000000000003        3.1614676425836912E-005
  0.41250000000000003        3.1511674737227859E-005
  0.41500000000000004        3.1428171559940731E-005
  0.41749999999999998        3.1367903478656370E-005
  0.41999999999999998        3.1312176245617406E-005
  0.42249999999999999        3.1237752628006507E-005
  0.42499999999999999        3.1133516609810833E-005
  0.42749999999999999        3.1006395089971164E-005
  0.42999999999999999        3.0876001589459027E-005
  0.43250000000000000        3.0763151642764287E-005
  0.43500000000000000        3.0678940033779536E-005
  0.43750000000000000        3.0619400217891345E-005
  0.44000000000000000        3.0567503349657576E-005
  0.44250000000000000        3.0500976360195420E-005
  0.44500000000000001        3.0402254798294837E-005
  0.44750000000000001        3.0266359731951056E-005
  0.45000000000000001        3.0103535690885652E-005
  0.45250000000000001        2.9935594827810678E-005
  0.45500000000000002        2.9787317392869942E-005
  0.45750000000000002        2.9676166528863255E-005
  0.46000000000000002        2.9604366516816845E-005
  0.46250000000000002        2.9556773283753250E-005
  0.46500000000000002        2.9506017934764546E-005
  0.46750000000000003        2.9423595469916844E-005
  0.47000000000000003        2.9292783665851250E-005
  0.47250000000000003        2.9117671504482393E-005
  0.47500000000000003        2.8923197090744943E-005
  0.47750000000000004        2.8744362270796872E-005
  0.47999999999999998        2.8608056716428399E-005
  0.48249999999999998        2.8516258690632645E-005
  0.48499999999999999        2.8441777294535473E-005
  0.48749999999999999        2.8343913292994718E-005
  0.48999999999999999        2.8199657567123584E-005
  0.49249999999999999        2.8028848799876705E-005
  0.49500000000000000        2.7880229950662641E-005
  0.49750000000000000        2.7765459216136846E-005
  0.50000000000000000        2.7628704951327375E-005
 
  0.40000000000000002        3.1915038390947128E-005
  0.40300000000000002        3.1820223150974062E-005
  0.40600000000000003        3.1751473357066775E-005
  0.40900000000000003        3.1655456469697640E-005
  0.41200000000000003        3.1531342340242858E-005
  0.41500000000000004        3.1428171559940731E-005
  0.41800000000000004        3.1357201403551597E-005
  0.42100000000000004        3.1285667305146635E-005
  0.42400000000000004        3.1178730711575264E-005
  0.42700000000000005        3.1032805916932639E-005
  0.43000000000000005        3.0876001589458566E-005
  0.43300000000000000        3.0743919425812571E-005
  0.43600000000000000        3.0652888360128417E-005
  0.43900000000000000        3.0588769382600652E-005
  0.44200000000000000        3.0516438935911595E-005
  0.44500000000000001        3.0402254798293970E-005
  0.44800000000000001        3.0235374514908334E-005
  0.45100000000000001        3.0035540387235576E-005
  0.45400000000000001        2.9842874325777299E-005
  0.45700000000000002        2.9695062051488601E-005
  0.46000000000000002        2.9604366516816845E-005
  0.46300000000000002        2.9547854669683245E-005
  0.46600000000000003        2.9478178077270582E-005
  0.46900000000000003        2.9351170969059210E-005
  0.47200000000000003        2.9155284461920959E-005
  0.47500000000000003        2.8923197090745811E-005
  0.47800000000000004        2.8713198016092714E-005
  0.48100000000000004        2.8566935435402960E-005
  0.48400000000000004        2.8472118296603153E-005
  0.48699999999999999        2.8366987970445054E-005
  0.48999999999999999        2.8199657567122717E-005
  0.49299999999999999        2.7995904711671527E-005
  0.49600000000000000        2.7832606706649920E-005
  0.49900000000000000        2.7687508003799611E-005
  0.50200000000000000        2.7535825982434579E-005
  0.50500000000000000        2.7427566340352416E-005
  0.50800000000000001        2.7300887944258241E-005
  0.51100000000000001        2.7130602323598515E-005
  0.51400000000000001        2.6918606238432968E-005
  0.51700000000000002        2.6681051266041980E-005
  0.52000000000000002        2.6438362405975512E-005
  0.52300000000000002        2.6208410194992255E-005
  0.52600000000000002        2.6002689668064309E-005
  0.52900000000000003        2.5825049909573335E-005
  0.53200000000000003        2.5672343813157273E-005
  0.53500000000000003        2.5536307601420109E-005
  0.53800000000000003        2.5406010417724270E-005
  0.54100000000000004        2.5270312614572399E-005
  0.54400000000000004        2.5119913949871643E-005
  0.54700000000000004        2.4948736486967809E-005
  0.55000000000000004        2.4754548347193289E-005
  0.55300000000000005        2.4538871478127795E-005
  0.55600000000000005        2.4306313754635781E-005
  0.55900000000000005        2.4063520075002266E-005
  0.56200000000000006        2.3817954162917001E-005
  0.56500000000000006        2.3576709962078299E-005
  0.56800000000000006        2.3345516355877101E-005
  0.57100000000000006        2.3128049002843700E-005
  0.57399999999999995        2.2925605892176144E-005
  0.57699999999999996        2.2737146334429138E-005
  0.57999999999999996        2.2559643960008664E-005
  0.58299999999999996        2.2388669293057987E-005
  0.58599999999999997        2.2219099419338076E-005
  0.58899999999999997        2.2045849848374826E-005
  0.59199999999999997        2.1864533876394779E-005
  0.59499999999999997        2.1671974367422981E-005
  0.59799999999999998        2.1466518660111591E-005
  0.60099999999999998        2.1248136051511288E-005
  0.60399999999999998        2.1018305780967175E-005
  0.60699999999999998        2.0779728417969042E-005
  0.60999999999999999        2.0535911990477094E-005
  0.61299999999999999        2.0290694025978164E-005
  0.61599999999999999        2.0047761893197362E-005
  0.61899999999999999        1.9810227836763048E-005
  0.62200000000000000        1.9580303641193181E-005
  0.62500000000000000        1.9359104717880874E-005
  0.62800000000000000        1.9146596353177672E-005
  0.63100000000000001        1.8941677660726721E-005
  0.63400000000000001        1.8742383220685560E-005
  0.63700000000000001        1.8546170214321694E-005
  0.64000000000000001        1.8350251565828321E-005
  0.64300000000000002        1.8151933744336032E-005
  0.64600000000000002        1.7948920884840884E-005
  0.64900000000000002        1.7739553699579829E-005
  0.65200000000000002        1.7522961148223174E-005
  0.65500000000000003        1.7299113891392812E-005
  0.65800000000000003        1.7068780042623664E-005
  0.66100000000000003        1.6833394533975415E-005
  0.66400000000000003        1.6594862397546612E-005
  0.66700000000000004        1.6355322370125594E-005
  0.67000000000000004        1.6116899745027191E-005
  0.67300000000000004        1.5881476376211826E-005
  0.67600000000000005        1.5650501807189996E-005
  0.67900000000000005        1.5424863413494028E-005
  0.68200000000000005        1.5204825986400186E-005
  0.68500000000000005        1.4990043120636377E-005
  0.68800000000000006        1.4779634873646265E-005
  0.69100000000000006        1.4572319212135957E-005
  0.69400000000000006        1.4366579517863736E-005
  0.69700000000000006        1.4160847545154772E-005
  0.69999999999999996        1.3953680948977879E-005
  0.70299999999999996        1.3743916550131326E-005
  0.70599999999999996        1.3530784349548331E-005
  0.70899999999999996        1.3313972390002297E-005
  0.71199999999999997        1.3093638332541571E-005
  0.71499999999999997        1.2870369508466641E-005
  0.71799999999999997        1.2645098667641057E-005
  0.72099999999999997        1.2418987112808890E-005
  0.72399999999999998        1.2193289855118731E-005
  0.72699999999999998        1.1969218489234541E-005
  0.72999999999999998        1.1747816694590639E-005
  0.73299999999999998        1.1529860951466511E-005
  0.73599999999999999        1.1315795625843679E-005
  0.73899999999999999        1.1105707440727458E-005
  0.74199999999999999        1.0899339929184536E-005
  0.74500000000000000        1.0696144171028659E-005
  0.74800000000000000        1.0495358366805512E-005
  0.75100000000000000        1.0296106009307607E-005
  0.75400000000000000        1.0097500933492505E-005
  0.75700000000000001        9.8987474950383340E-006
  0.76000000000000001        9.6992253928278197E-006
  0.76300000000000001        9.4985509150786893E-006
  0.76600000000000001        9.2966093372793544E-006
  0.76900000000000002        9.0935565157458985E-006
  0.77200000000000002        8.8897910869215262E-006
  0.77500000000000002        8.6859017827838469E-006
  0.77800000000000002        8.4825968905294492E-006
  0.78100000000000003        8.2806245168487223E-006
  0.78400000000000003        8.0806928537616840E-006
  0.78700000000000003        7.8833990960278715E-006
  0.79000000000000004        7.6891742216268954E-006
  0.79300000000000004        7.4982487602609830E-006
  0.79600000000000004        7.3106421875712371E-006
  0.79900000000000004        7.1261759423172560E-006
  0.80200000000000005        6.9445075176758512E-006
  0.80500000000000005        6.7651808734408972E-006
  0.80800000000000005        6.5876867988362293E-006
  0.81100000000000005        6.4115260405850304E-006
  0.81400000000000006        6.2362680844806918E-006
  0.81700000000000006        6.0615993462213743E-006
  0.82000000000000006        5.8873560036249133E-006
  0.82299999999999995        5.7135385880531998E-006
  0.82599999999999996        5.5403075477806574E-006
  0.82899999999999996        5.3679611000298334E-006
  0.83199999999999996        5.1968986014315570E-006
  0.83499999999999996        5.0275741885687393E-006
  0.83799999999999997        4.8604463789865651E-006
  0.84099999999999997        4.6959295432664456E-006
  0.84399999999999997        4.5343526691934830E-006
  0.84699999999999998        4.3759297704679036E-006
  0.84999999999999998        4.2207448126659428E-006
  0.85299999999999998        4.0687523089807440E-006
  0.85599999999999998        3.9197929485882580E-006
  0.85899999999999999        3.7736219321022272E-006
  0.86199999999999999        3.6299462724183601E-006
  0.86499999999999999        3.4884663448303494E-006
  0.86799999999999999        3.3489165867397283E-006
  0.87100000000000000        3.2111005126175059E-006
  0.87400000000000000        3.0749160471482645E-006
  0.87700000000000000        2.9403684408609117E-006
  0.88000000000000000        2.8075695581895710E-006
  0.88300000000000001        2.6767239574464708E-006
  0.88600000000000001        2.5481037552198499E-006
  0.88900000000000001        2.4220156240127629E-006
  0.89200000000000002        2.2987642509284231E-006
  0.89500000000000002        2.1786170331647327E-006
  0.89800000000000002        2.0617745973395903E-006
  0.90100000000000002        1.9483509278894776E-006
  0.90400000000000003        1.8383656138747169E-006
  0.90700000000000003        1.7317491489637332E-006
  0.91000000000000003        1.6283605250047665E-006
  0.91300000000000003        1.5280147242008121E-006
  0.91600000000000004        1.4305163174010368E-006
  0.91900000000000004        1.3356943952230584E-006
  0.92200000000000004        1.2434336719716155E-006
  0.92500000000000004        1.1536969614661463E-006
  0.92800000000000005        1.0665353607978400E-006
  0.93100000000000005        9.8208423765902931E-007
  0.93400000000000005        9.0054524094296429E-007
  0.93700000000000006        8.2215676601898637E-007
  0.94000000000000006        7.4715732776147703E-007
  0.94300000000000006        6.7574784835078268E-007
  0.94600000000000006        6.0805967554389277E-007
  0.94900000000000007        5.4413493287415588E-007
  0.95200000000000007        4.8392430672022344E-007
  0.95500000000000007        4.2730448960647760E-007
  0.95800000000000007        3.7411354004004744E-007
  0.96100000000000008        3.2419810181820709E-007
  0.96400000000000008        2.7746259778607818E-007
  0.96700000000000008        2.3390803506974850E-007
  0.97000000000000008        1.9364779172272025E-007
  0.97300000000000009        1.5689055935919405E-007
  0.97599999999999998        1.2388735326801055E-007
  0.97899999999999998        9.4850983633375952E-008
  0.98199999999999998        6.9872526203613017E-008
  0.98499999999999999        4.8875625498661177E-008
  0.98799999999999999        3.1654121847344247E-008
  0.99099999999999999        1.8015515203510358E-008
  0.99399999999999999        7.9853587253761494E-009
  0.99700000000000000        1.8989687470295962E-009
   1.0000000000000000        0.0000000000000000     
 
