   0.0000000000000000        0.0000000000000000     
   2.5000000000000001E-003   3.3479358739882502E-005
   5.0000000000000001E-003   8.8868311259746862E-005
   7.4999999999999997E-003   1.5512391019362851E-004
   1.0000000000000000E-002   2.2858005817827707E-004
   1.2500000000000001E-002   3.0723466995361378E-004
   1.4999999999999999E-002   3.8980402594237303E-004
   1.7500000000000002E-002   4.7538950512501451E-004
   2.0000000000000000E-002   5.6332568127082875E-004
   2.2499999999999999E-002   6.5310006176303728E-004
   2.5000000000000001E-002   7.4430630338001168E-004
   2.7500000000000000E-002   8.3661494364266906E-004
   2.9999999999999999E-002   9.2975408181100380E-004
   3.2500000000000001E-002   1.0234960782758951E-003
   3.5000000000000003E-002   1.1176480800893218E-003
   3.7499999999999999E-002   1.2120450793437878E-003
   4.0000000000000001E-002   1.3065447055307523E-003
   4.2500000000000003E-002   1.4010232391172821E-003
   4.4999999999999998E-002   1.4953725063460380E-003
   4.7500000000000001E-002   1.5894974234341543E-003
   5.0000000000000003E-002   1.6833140282195647E-003
   5.2499999999999998E-002   1.7767478836817345E-003
   5.5000000000000000E-002   1.8697327692924143E-003
   5.7500000000000002E-002   1.9622095980448922E-003
   5.9999999999999998E-002   2.0541255125027416E-003
   6.2500000000000000E-002   2.1454331243605440E-003
   6.5000000000000002E-002   2.2360898701602634E-003
   6.7500000000000004E-002   2.3260574618489409E-003
   7.0000000000000007E-002   2.4153014153993771E-003
   7.2499999999999995E-002   2.5037906441608879E-003
   7.4999999999999997E-002   2.5914971062525249E-003
   7.7499999999999999E-002   2.6783954973623922E-003
   8.0000000000000002E-002   2.7644629819219670E-003
   8.2500000000000004E-002   2.8496789568913158E-003
   8.5000000000000006E-002   2.9340248433991126E-003
   8.7500000000000008E-002   3.0174839022892425E-003
   8.9999999999999997E-002   3.1000410702778066E-003
   9.2499999999999999E-002   3.1816828139540026E-003
   9.5000000000000001E-002   3.2623969992912364E-003
   9.7500000000000003E-002   3.3421727746906727E-003
  0.10000000000000001        3.4210004658735299E-003
  0.10250000000000001        3.4988714811827353E-003
  0.10500000000000000        3.5757782260585169E-003
  0.10750000000000000        3.6517140256235214E-003
  0.11000000000000000        3.7266730544571196E-003
  0.11250000000000000        3.8006502727603864E-003
  0.11500000000000000        3.8736413682166990E-003
  0.11750000000000001        3.9456427029410570E-003
  0.12000000000000000        4.0166512649866580E-003
  0.12250000000000000        4.0866646239419878E-003
  0.12500000000000000        4.1556808902074019E-003
  0.12750000000000000        4.2236986775883480E-003
  0.13000000000000000        4.2907170688840689E-003
  0.13250000000000001        4.3567355841868704E-003
  0.13500000000000001        4.4217541516386027E-003
  0.13750000000000001        4.4857730804186173E-003
  0.14000000000000001        4.5487930357615619E-003
  0.14250000000000002        4.6108150158246358E-003
  0.14499999999999999        4.6718403302425581E-003
  0.14749999999999999        4.7318705802249566E-003
  0.14999999999999999        4.7909076400654456E-003
  0.15250000000000000        4.8489536399445501E-003
  0.15500000000000000        4.9060109499200390E-003
  0.15750000000000000        4.9620821650084423E-003
  0.16000000000000000        5.0171700912705446E-003
  0.16250000000000001        5.0712777328217745E-003
  0.16500000000000001        5.1244082796956161E-003
  0.16750000000000001        5.1765650964946466E-003
  0.17000000000000001        5.2277517117696407E-003
  0.17250000000000001        5.2779718080723636E-003
  0.17500000000000002        5.3272292126324283E-003
  0.17749999999999999        5.3755278886127682E-003
  0.17999999999999999        5.4228719269021671E-003
  0.18250000000000000        5.4692655384066839E-003
  0.18500000000000000        5.5147130468049923E-003
  0.18750000000000000        5.5592188817354523E-003
  0.19000000000000000        5.6027875723853402E-003
  0.19250000000000000        5.6454237414549704E-003
  0.19500000000000001        5.6871320994716082E-003
  0.19750000000000001        5.7279174394299741E-003
  0.20000000000000001        5.7677846317379499E-003
  0.20250000000000001        5.8067386194476794E-003
  0.20500000000000002        5.8447844137537531E-003
  0.20750000000000002        5.8819270897415114E-003
  0.20999999999999999        5.9181717823697357E-003
  0.21249999999999999        5.9535236826731494E-003
  0.21500000000000000        5.9879880341711603E-003
  0.21750000000000000        6.0215701294702708E-003
  0.22000000000000000        6.0542753070484418E-003
  0.22250000000000000        6.0861089482105012E-003
  0.22500000000000001        6.1170764742044586E-003
  0.22750000000000001        6.1471833434892601E-003
  0.23000000000000001        6.1764350491451420E-003
  0.23250000000000001        6.2048371164183658E-003
  0.23500000000000001        6.2323951003926186E-003
  0.23750000000000002        6.2591145837798973E-003
  0.23999999999999999        6.2850011748241397E-003
  0.24249999999999999        6.3100605053113068E-003
  0.24500000000000000        6.3342982286800215E-003
  0.24750000000000000        6.3577200182272347E-003
  0.25000000000000000        6.3803315654037320E-003
  0.25250000000000000        6.4021385781946284E-003
  0.25500000000000000        6.4231467795802816E-003
  0.25750000000000001        6.4433619060733404E-003
  0.26000000000000001        6.4627897063278894E-003
  0.26250000000000001        6.4814359398169255E-003
  0.26500000000000001        6.4993063755745799E-003
  0.26750000000000002        6.5164067909997412E-003
  0.27000000000000002        6.5327429707179255E-003
  0.27250000000000002        6.5483207054984165E-003
  0.27500000000000002        6.5631457912238593E-003
  0.27750000000000002        6.5772240279096846E-003
  0.28000000000000003        6.5905612187708478E-003
  0.28250000000000003        6.6031631693335407E-003
  0.28500000000000003        6.6150356865896419E-003
  0.28750000000000003        6.6261845781918141E-003
  0.28999999999999998        6.6366156516872521E-003
  0.29249999999999998        6.6463347137882154E-003
  0.29499999999999998        6.6553475696775567E-003
  0.29749999999999999        6.6636600223475683E-003
  0.29999999999999999        6.6712778719705667E-003
  0.30249999999999999        6.6782069152996901E-003
  0.30499999999999999        6.6844529450984938E-003
  0.30750000000000000        6.6900217495979809E-003
  0.31000000000000000        6.6949191119798001E-003
  0.31250000000000000        6.6991508098843723E-003
  0.31500000000000000        6.7027226149428088E-003
  0.31750000000000000        6.7056402923315189E-003
  0.32000000000000001        6.7079096003484651E-003
  0.32250000000000001        6.7095362900100779E-003
  0.32500000000000001        6.7105261046678947E-003
  0.32750000000000001        6.7108847796440302E-003
  0.33000000000000002        6.7106180418846206E-003
  0.33250000000000002        6.7097316096304538E-003
  0.33500000000000002        6.7082311921039944E-003
  0.33750000000000002        6.7061224892120972E-003
  0.34000000000000002        6.7034111912636953E-003
  0.34250000000000003        6.7001029787018117E-003
  0.34500000000000003        6.6962035218492647E-003
  0.34750000000000003        6.6917184806674539E-003
  0.35000000000000003        6.6866535045276764E-003
  0.35249999999999998        6.6810142319944097E-003
  0.35499999999999998        6.6748062906200438E-003
  0.35749999999999998        6.6680352967505817E-003
  0.35999999999999999        6.6607068553418136E-003
  0.36249999999999999        6.6528265597855345E-003
  0.36499999999999999        6.6443999917453573E-003
  0.36749999999999999        6.6354327210017237E-003
  0.37000000000000000        6.6259303053057108E-003
  0.37250000000000000        6.6158982902412679E-003
  0.37500000000000000        6.6053422090955154E-003
  0.37750000000000000        6.5942675827367720E-003
  0.38000000000000000        6.5826799194999824E-003
  0.38250000000000001        6.5705847150792258E-003
  0.38500000000000001        6.5579874524270181E-003
  0.38750000000000001        6.5448936016601119E-003
  0.39000000000000001        6.5313086199715251E-003
  0.39250000000000002        6.5172379515485417E-003
  0.39500000000000002        6.5026870274964262E-003
  0.39750000000000002        6.4876612657676176E-003
  0.40000000000000002        6.4721660710961712E-003
  0.40250000000000002        6.4562068349372330E-003
  0.40500000000000003        6.4397889354113327E-003
  0.40750000000000003        6.4229177372532977E-003
  0.41000000000000003        6.4055985917655916E-003
  0.41250000000000003        6.3878368367758917E-003
  0.41500000000000004        6.3696377965987436E-003
  0.41749999999999998        6.3510067820010960E-003
  0.41999999999999998        6.3319490901715793E-003
  0.42249999999999999        6.3124700046933617E-003
  0.42499999999999999        6.2925747955204277E-003
  0.42749999999999999        6.2722687189571509E-003
  0.42999999999999999        6.2515570176410046E-003
  0.43250000000000000        6.2304449205282976E-003
  0.43500000000000000        6.2089376428828003E-003
  0.43750000000000000        6.1870403862671315E-003
  0.44000000000000000        6.1647583385368047E-003
  0.44250000000000000        6.1420966738368185E-003
  0.44500000000000001        6.1190605526006735E-003
  0.44750000000000001        6.0956551215517229E-003
  0.45000000000000001        6.0718855137067611E-003
  0.45250000000000001        6.0477568483817412E-003
  0.45500000000000002        6.0232742311995486E-003
  0.45750000000000002        5.9984427540997242E-003
  0.46000000000000002        5.9732674953500717E-003
  0.46250000000000002        5.9477535195600530E-003
  0.46500000000000002        5.9219058776959063E-003
  0.46750000000000003        5.8957296070974025E-003
  0.47000000000000003        5.8692297314961728E-003
  0.47250000000000003        5.8424112610355452E-003
  0.47500000000000003        5.8152791922918071E-003
  0.47750000000000004        5.7878385082968499E-003
  0.47999999999999998        5.7600941785621220E-003
  0.48249999999999998        5.7320511591038275E-003
  0.48499999999999999        5.7037143924693404E-003
  0.48749999999999999        5.6750888077647379E-003
  0.48999999999999999        5.6461793206834454E-003
  0.49249999999999999        5.6169908335359032E-003
  0.49500000000000000        5.5875282352802385E-003
  0.49750000000000000        5.5577964015538781E-003
  0.50000000000000000        5.5278001947060588E-003
 
  0.40000000000000002        6.4721660710961712E-003
  0.40300000000000002        6.4529597762368329E-003
  0.40600000000000003        6.4330945520096770E-003
  0.40900000000000003        6.4125796617169623E-003
  0.41200000000000003        6.3914243407720145E-003
  0.41500000000000004        6.3696377965987436E-003
  0.41800000000000004        6.3472292085430017E-003
  0.42100000000000004        6.3242077277951845E-003
  0.42400000000000004        6.3005824773235200E-003
  0.42700000000000005        6.2763625518175072E-003
  0.43000000000000005        6.2515570176410037E-003
  0.43300000000000000        6.2261749127944764E-003
  0.43600000000000000        6.2002252468859572E-003
  0.43900000000000000        6.1737170011102764E-003
  0.44200000000000000        6.1466591282361392E-003
  0.44500000000000001        6.1190605526006735E-003
  0.44800000000000001        6.0909301701110525E-003
  0.45100000000000001        6.0622768482528492E-003
  0.45400000000000001        6.0331094261047756E-003
  0.45700000000000002        6.0034367143594752E-003
  0.46000000000000002        5.9732674953500717E-003
  0.46300000000000002        5.9426105230821723E-003
  0.46600000000000003        5.9114745232710401E-003
  0.46900000000000003        5.8798681933836822E-003
  0.47200000000000003        5.8478002026855743E-003
  0.47500000000000003        5.8152791922918071E-003
  0.47800000000000004        5.7823137752224000E-003
  0.48100000000000004        5.7489125364615671E-003
  0.48400000000000004        5.7150840330207325E-003
  0.48699999999999999        5.6808367940050777E-003
  0.48999999999999999        5.6461793206834454E-003
  0.49299999999999999        5.6111200865614072E-003
  0.49600000000000000        5.5756675374573194E-003
  0.49900000000000000        5.5398300915812052E-003
  0.50200000000000000        5.5036161396162979E-003
  0.50500000000000000        5.4670340448031030E-003
  0.50800000000000001        5.4300921430258230E-003
  0.51100000000000001        5.3927987429010105E-003
  0.51400000000000001        5.3551621258683220E-003
  0.51700000000000002        5.3171905462832403E-003
  0.52000000000000002        5.2788922315116435E-003
  0.52300000000000002        5.2402753820261208E-003
  0.52600000000000002        5.2013481715038968E-003
  0.52900000000000003        5.1621187469262902E-003
  0.53200000000000003        5.1225952286795898E-003
  0.53500000000000003        5.0827857106572477E-003
  0.53800000000000003        5.0426982603633177E-003
  0.54100000000000004        5.0023409190170327E-003
  0.54400000000000004        4.9617217016584480E-003
  0.54700000000000004        4.9208485972550651E-003
  0.55000000000000004        4.8797295688093704E-003
  0.55300000000000005        4.8383725534672040E-003
  0.55600000000000005        4.7967854626268956E-003
  0.55900000000000005        4.7549761820491017E-003
  0.56200000000000006        4.7129525719672811E-003
  0.56500000000000006        4.6707224671987489E-003
  0.56800000000000006        4.6282936772562427E-003
  0.57100000000000006        4.5856739864599651E-003
  0.57399999999999995        4.5428711540500344E-003
  0.57699999999999996        4.4998929142992874E-003
  0.57999999999999996        4.4567469766264196E-003
  0.58299999999999996        4.4134410257093762E-003
  0.58599999999999997        4.3699827215989756E-003
  0.58899999999999997        4.3263796998327239E-003
  0.59199999999999997        4.2826395715487619E-003
  0.59499999999999997        4.2387699235999351E-003
  0.59799999999999998        4.1947783186679242E-003
  0.60099999999999998        4.1506722953774181E-003
  0.60399999999999998        4.1064593684102960E-003
  0.60699999999999998        4.0621470286197770E-003
  0.60999999999999999        4.0177427431445159E-003
  0.61299999999999999        3.9732539555226223E-003
  0.61599999999999999        3.9286880858055619E-003
  0.61899999999999999        3.8840525306719246E-003
  0.62200000000000000        3.8393546635410334E-003
  0.62500000000000000        3.7946018346863702E-003
  0.62800000000000000        3.7498013713487969E-003
  0.63100000000000001        3.7049605778495475E-003
  0.63400000000000001        3.6600867357029793E-003
  0.63700000000000001        3.6151871037290563E-003
  0.64000000000000001        3.5702689181655511E-003
  0.64300000000000002        3.5253393927799468E-003
  0.64600000000000002        3.4804057189810251E-003
  0.64900000000000002        3.4354750659301206E-003
  0.65200000000000002        3.3905545806520334E-003
  0.65500000000000003        3.3456513881455793E-003
  0.65800000000000003        3.3007725914937711E-003
  0.66100000000000003        3.2559252719736140E-003
  0.66400000000000003        3.2111164891655058E-003
  0.66700000000000004        3.1663532810622297E-003
  0.67000000000000004        3.1216426641775324E-003
  0.67300000000000004        3.0769916336542717E-003
  0.67600000000000005        3.0324071633721335E-003
  0.67900000000000005        2.9878962060548991E-003
  0.68200000000000005        2.9434656933772642E-003
  0.68500000000000005        2.8991225360711940E-003
  0.68800000000000006        2.8548736240318171E-003
  0.69100000000000006        2.8107258264228382E-003
  0.69400000000000006        2.7666859917814769E-003
  0.69700000000000006        2.7227609481229173E-003
  0.69999999999999996        2.6789575030442708E-003
  0.70299999999999996        2.6352824438280321E-003
  0.70599999999999996        2.5917425375450525E-003
  0.70899999999999996        2.5483445311569922E-003
  0.71199999999999997        2.5050951516182702E-003
  0.71499999999999997        2.4620011059775029E-003
  0.71799999999999997        2.4190690814784237E-003
  0.72099999999999997        2.3763057456602861E-003
  0.72399999999999998        2.3337177464577475E-003
  0.72699999999999998        2.2913117123002226E-003
  0.72999999999999998        2.2490942522107181E-003
  0.73299999999999998        2.2070719559041355E-003
  0.73599999999999999        2.1652513938850457E-003
  0.73899999999999999        2.1236391175449309E-003
  0.74199999999999999        2.0822416592588982E-003
  0.74500000000000000        2.0410655324818549E-003
  0.74800000000000000        2.0001172318441546E-003
  0.75100000000000000        1.9594032332467043E-003
  0.75400000000000000        1.9189299939555394E-003
  0.75700000000000001        1.8787039526958634E-003
  0.76000000000000001        1.8387315297455499E-003
  0.76300000000000001        1.7990191270281100E-003
  0.76600000000000001        1.7595731282051266E-003
  0.76900000000000002        1.7203998987681502E-003
  0.77200000000000002        1.6815057861300636E-003
  0.77500000000000002        1.6428971197159114E-003
  0.77800000000000002        1.6045802110531951E-003
  0.78100000000000003        1.5665613538616396E-003
  0.78400000000000003        1.5288468241424250E-003
  0.78700000000000003        1.4914428802668901E-003
  0.79000000000000004        1.4543557630647070E-003
  0.79300000000000004        1.4175916959115274E-003
  0.79600000000000004        1.3811568848161033E-003
  0.79900000000000004        1.3450575185068826E-003
  0.80200000000000005        1.3092997685180820E-003
  0.80500000000000005        1.2738897892752370E-003
  0.80800000000000005        1.2388337181802346E-003
  0.81100000000000005        1.2041376756958251E-003
  0.81400000000000006        1.1698077654296200E-003
  0.81700000000000006        1.1358500742175736E-003
  0.82000000000000006        1.1022706722069546E-003
  0.82299999999999995        1.0690756129388065E-003
  0.82599999999999996        1.0362709334298958E-003
  0.82899999999999996        1.0038626542541638E-003
  0.83199999999999996        9.7185677962366500E-004
  0.83499999999999996        9.4025929746900888E-004
  0.83799999999999997        9.0907617951930088E-004
  0.84099999999999997        8.7831338138158683E-004
  0.84399999999999997        8.4797684261980288E-004
  0.84699999999999998        8.1807248683323300E-004
  0.84999999999999998        7.8860622173447677E-004
  0.85299999999999998        7.5958393922692994E-004
  0.85599999999999998        7.3101151548178025E-004
  0.85899999999999999        7.0289481101452086E-004
  0.86199999999999999        6.7523967076098365E-004
  0.86499999999999999        6.4805192415289643E-004
  0.86799999999999999        6.2133738519296457E-004
  0.87100000000000000        5.9510185252948094E-004
  0.87400000000000000        5.6935110953046668E-004
  0.87700000000000000        5.4409092435734523E-004
  0.88000000000000000        5.1932705003815199E-004
  0.88300000000000001        4.9506522454028355E-004
  0.88600000000000001        4.7131117084278683E-004
  0.88900000000000001        4.4807059700819354E-004
  0.89200000000000002        4.2534919625390082E-004
  0.89500000000000002        4.0315264702310116E-004
  0.89800000000000002        3.8148661305526486E-004
  0.90100000000000002        3.6035674345617720E-004
  0.90400000000000003        3.3976867276753320E-004
  0.90700000000000003        3.1972802103609292E-004
  0.91000000000000003        3.0024039388239974E-004
  0.91300000000000003        2.8131138256906439E-004
  0.91600000000000004        2.6294656406861778E-004
  0.91900000000000004        2.4515150113093513E-004
  0.92200000000000004        2.2793174235023381E-004
  0.92500000000000004        2.1129282223164873E-004
  0.92800000000000005        1.9524026125738647E-004
  0.93100000000000005        1.7977956595246233E-004
  0.93400000000000005        1.6491622895002184E-004
  0.93700000000000006        1.5065572905625062E-004
  0.94000000000000006        1.3700353131487417E-004
  0.94300000000000006        1.2396508707125122E-004
  0.94600000000000006        1.1154583403606264E-004
  0.94900000000000007        9.9751196348599368E-005
  0.95200000000000007        8.8586584639651153E-005
  0.95500000000000007        7.8057396093999696E-005
  0.95800000000000007        6.8169014512518185E-005
  0.96100000000000008        5.8926810373880289E-005
  0.96400000000000008        5.0336140895881131E-005
  0.96700000000000008        4.2402350096372890E-005
  0.97000000000000008        3.5130768853817734E-005
  0.97300000000000009        2.8526714967460647E-005
  0.97599999999999998        2.2595493217125053E-005
  0.97899999999999998        1.7342395422632525E-005
  0.98199999999999998        1.2772700502852446E-005
  0.98499999999999999        8.8916745343797919E-006
  0.98799999999999999        5.7045708098470032E-006
  0.99099999999999999        3.2166298958711174E-006
  0.99399999999999999        1.4330796906389645E-006
  0.99700000000000000        3.5913548113295478E-007
   1.0000000000000000        0.0000000000000000     
 
