           1           1   0.0000000000000000     
           1           1   9.0909090909090912E-002
           1           1  0.18181818181818182     
           1           1  0.27272727272727271     
           1           1  0.36363636363636365     
           1           1  0.45454545454545453     
           1           1  0.54545454545454541     
           1           1  0.63636363636363635     
           1           1  0.72727272727272729     
           1           1  0.80000000000000004     
           1           1  0.81818181818181823     
           1           1  0.90909090909090906     
           1           1   1.0000000000000000     
           1           2  0.80000000000000004     
           1           2  0.81818181818181823     
           1           2  0.85714285714285721     
           1           2  0.90909090909090906     
           1           2  0.91428571428571437     
           1           2  0.97142857142857142     
           1           2   1.0000000000000000     
           2           1  0.80000000000000004     
           2           1  0.81818181818181823     
           2           1  0.85714285714285721     
           2           1  0.90909090909090906     
           2           1  0.91428571428571437     
           2           1  0.97142857142857142     
           2           1   1.0000000000000000     
           2           2   0.0000000000000000     
           2           2   4.7619047619047616E-002
           2           2   9.5238095238095233E-002
           2           2  0.14285714285714285     
           2           2  0.16666666666666663     
           2           2  0.19047619047619047     
           2           2  0.23809523809523808     
           2           2  0.28571428571428570     
           2           2  0.33333333333333331     
           2           2  0.38095238095238093     
           2           2  0.42857142857142855     
           2           2  0.47619047619047616     
           2           2  0.52380952380952384     
           2           2  0.57142857142857140     
           2           2  0.61904761904761907     
           2           2  0.66666666666666663     
           2           2  0.71428571428571430     
           2           2  0.76190476190476186     
           2           2  0.80952380952380953     
           2           2  0.85714285714285710     
           2           2  0.90476190476190477     
           2           2  0.95238095238095233     
           2           2   1.0000000000000000     
